# [Forward-biased 1n5711 Schottky diode]
0 0 [1000] 0 [1000]
1 3 [2 323 674 1 0] 3 [3 308 687 2 0]
2 7 [1 224 774 1 0] 7 [4 209 786 1 0]
3 11 [1 175 823 1 0] 10 [0 2 202 794 2]
4 15 [2 87 910 1 0] 15 [89 908 3]
5 19 [108 889 3] 18 [0 2 106 886 6]
6 23 [65 930 5] 23 [2 70 922 6 0]
7 27 [48 936 16] 27 [68 926 6]
8 31 [45 954 1] 31 [64 936 0]
9 35 [40 937 23] 35 [2 154 843 1 0]
10 39 [27 943 30] 38 [7 716 277]
11 43 [29 915 56] 42 [54 932 14]
12 48 [12 824 163 1 0] 45 [0 38 938 23 1]
13 51 [15 811 174] 48 [2 182 810 6 0]
14 55 [0 16 632 350 2] 50 [2 35 924 39 0]
15 60 [10 490 499 1 0] 52 [34 931 35]
16 63 [32 967 1] 54 [10 645 340 5 0]
17 67 [27 937 36] 55 [35 910 55]
18 71 [15 942 43] 56 [0 1 764 230 5]
19 75 [12 865 123] 58 [2 144 838 16 0]
20 79 [8 488 504] 59 [53 914 33]
21 83 [5 347 648] 60 [23 920 57]
22 87 [0 4 132 862 2] 61 [35 894 71]
23 92 [63 934 3] 62 [42 898 60]
24 96 [35 957 8] 63 [0 67 920 12 1]
25 100 [2 59 935 4 0] 63 [0 2 129 838 31]
26 104 [31 960 9] 65 [705 288 7]
27 108 [28 960 12] 65 [19 839 142]
28 112 [13 963 24] 66 [1 24 864 111 0]
29 116 [13 946 41] 67 [2 54 902 41 1]
30 120 [1 928 71] 67 [0 4 533 443 20]
31 124 [1 822 177] 68 [0 7 815 176 2]
32 128 [0 950 50] 69 [30 897 73]
33 132 [4 897 99] 69 [0 5 285 684 26]
34 136 [1 894 105] 70 [0 10 818 170 2]
35 140 [1 842 157] 71 [37 905 58]
36 145 [635 365 0] 72 [5 342 618 35 0]
37 149 [359 641 0] 72 [0 5 844 150 1]
38 153 [192 807 1] 74 [46 903 49 2 0]
39 157 [106 892 2] 74 [6 687 293 14 0]
40 161 [90 909 1] 74 [0 18 867 113 2]
41 165 [61 938 1] 75 [3 246 726 25 0]
42 169 [49 946 5] 75 [0 14 798 182 6]
43 173 [29 968 3] 76 [2 49 891 57 1]
44 177 [31 964 5] 76 [0 3 711 271 15]
45 181 [22 964 14] 77 [0 31 884 84 1]
46 185 [17 969 14] 77 [0 3 509 465 23]
47 189 [11 969 20] 79 [20 827 151 2 0]
48 192 [0 129 871] 79 [2 330 652 16 0]
49 197 [101 899 0] 79 [0 23 867 109 1]
50 201 [99 901 0] 79 [0 1 165 798 36]
51 205 [75 925 0] 80 [0 4 858 135 3]
52 209 [47 953 0] 81 [106 846 48]
53 213 [39 961 0] 81 [0 12 788 190 10]
54 217 [27 970 3] 82 [2 48 888 62 0]
55 221 [28 969 3] 83 [8 767 216 9 0]
56 225 [25 974 1] 83 [0 52 873 73 2]
57 229 [16 978 6] 83 [0 8 776 200 16]
58 233 [15 981 4] 84 [1 35 869 94 1]
59 237 [7 987 6] 85 [6 709 272 13 0]
60 241 [3 974 23] 85 [0 32 881 84 3]
61 245 [3 968 29] 86 [8 684 287 21 0]
62 249 [3 966 31] 86 [1 16 880 103 0]
63 253 [2 961 37] 87 [3 620 362 15 0]
64 256 [0 985 15] 87 [2 47 880 70 1]
65 260 [2 985 13] 87 [0 6 799 183 12]
66 264 [0 967 33] 88 [1 24 911 63 1]
67 268 [0 936 64] 88 [0 5 744 239 12]
68 272 [0 785 215] 89 [0 42 892 64 2]
69 276 [0 751 249] 89 [0 13 779 197 11]
70 281 [726 274 0] 90 [1 42 883 74 0]
71 284 [0 681 319] 90 [0 9 780 206 5]
72 289 [709 291 0] 91 [0 62 872 65 1]
73 293 [451 549 0] 91 [0 12 809 171 8]
74 297 [237 763 0] 92 [2 50 886 62 0]
75 301 [98 902 0] 92 [0 6 790 195 9]
76 305 [29 971 0] 93 [1 69 880 49 1]
77 309 [12 988 0] 93 [0 11 836 149 4]
78 313 [9 991 0] 94 [115 819 66]
79 317 [0 999 1] 94 [0 9 829 161 1]
80 321 [91 909 0] 95 [2 309 661 28 0]
81 325 [52 948 0] 95 [0 24 857 118 1]
82 329 [19 981 0] 96 [5 560 413 22 0]
83 333 [9 991 0] 96 [0 5 904 89 2]
84 337 [3 997 0] 97 [668 311 21]
85 341 [0 997 3] 97 [0 46 872 80 2]
86 345 [0 995 5] 97 [0 9 741 238 12]
87 349 [0 989 11] 98 [39 895 66]
88 353 [0 965 35] 99 [10 783 202 5 0]
89 357 [0 861 139] 99 [1 63 897 38 1]
90 362 [437 563 0] 99 [0 7 741 250 2]
91 366 [103 897 0] 100 [3 130 816 51 0]
92 370 [8 992 0] 101 [11 812 173 4 0]
93 374 [8 992 0] 101 [3 278 687 32 0]
94 378 [10 990 0] 101 [0 20 839 139 2]
95 382 [5 995 0] 102 [5 489 478 28 0]
96 386 [549 451 0] 102 [21 886 93]
97 390 [265 735 0] 103 [4 710 275 11 0]
98 394 [111 889 0] 103 [1 39 894 66 0]
99 398 [49 951 0] 103 [0 12 770 204 14]
100 402 [4 996 0] 104 [1 39 890 69 1]
101 406 [2 998 0] 105 [6 812 178 4 0]
102 410 [1000] 106 [221 720 57 2 0]
103 414 [1000] 105 [0 15 849 133 3]
104 418 [1000] 106 [3 375 587 35 0]
105 422 [1000] 106 [16 866 118]
106 426 [1000] 106 [0 3 667 312 18]
107 430 [1000] 107 [0 39 881 79 1]
108 434 [0 988 12] 107 [0 6 764 211 19]
109 438 [0 871 129] 108 [0 39 895 65 1]
110 442 [0 469 531] 108 [0 6 817 172 5]
111 446 [0 63 937] 109 [183 768 49]
112 450 [0 999 1] 109 [0 15 841 139 5]
113 454 [0 999 1] 109 [0 4 510 455 31]
114 458 [0 997 3] 110 [1 19 862 118 0]
115 462 [0 881 119] 111 [5 712 279 4 0]
116 466 [0 221 779] 111 [0 37 897 65 1]
117 471 [73 927 0] 111 [0 9 814 166 11]
118 475 [21 979 0] 112 [0 169 776 54 1]
119 479 [4 996 0] 112 [0 5 843 149 3]
120 483 [3 997 0] 113 [464 507 29]
121 487 [1000] 113 [0 21 878 99 2]
122 491 [1000] 114 [8 684 279 29 0]
123 495 [1000] 114 [4 26 897 72 1]
124 499 [1000] 115 [8 751 233 8 0]
125 503 [1000] 115 [2 80 856 61 1]
126 507 [0 999 1] 116 [7 833 152 8 0]
127 511 [0 984 16] 116 [2 287 646 65 0]
128 508 [0 999 1] 116 [10 792 183 15 0]
129 512 [0 966 34] 116 [3 69 871 56 1]
130 517 [655 345 0] 116 [0 8 791 191 10]
131 520 [0 138 862] 117 [1 301 662 36 0]
132 525 [1000] 118 [20 845 131 4 0]
133 529 [1000] 117 [0 3 607 351 39]
134 533 [1000] 118 [1 22 896 81 0]
135 537 [1000] 119 [6 747 232 15 0]
136 541 [1000] 119 [0 54 876 69 1]
137 545 [1000] 120 [15 822 154 9 0]
138 549 [1000] 119 [0 3 215 719 63]
139 553 [1000] 121 [7 861 127 5 0]
140 557 [0 987 13] 121 [525 438 37]
141 561 [0 998 2] 121 [0 30 857 111 2]
142 565 [0 950 50] 121 [0 5 762 215 18]
143 569 [0 851 149] 122 [2 44 883 70 1]
144 573 [1000] 122 [0 9 813 172 6]
145 577 [1000] 122 [0 2 357 597 44]
146 581 [1000] 123 [0 20 863 113 4]
147 585 [1000] 123 [0 3 670 303 24]
148 589 [0 984 16] 124 [1 27 872 97 3]
149 593 [0 990 10] 124 [0 5 770 209 16]
150 597 [0 847 153] 125 [0 97 852 49 2]
151 601 [0 488 512] 125 [0 13 826 152 9]
152 605 [0 113 887] 126 [4 336 607 53 0]
153 609 [0 202 798] 126 [15 875 110]
154 613 [0 100 900] 127 [3 684 306 7 0]
155 617 [0 52 948] 127 [0 31 894 73 2]
156 622 [4 996 0] 127 [0 10 780 199 11]
157 626 [4 996 0] 128 [77 867 56]
158 630 [1000] 129 [843 154 3]
159 634 [1000] 129 [469 504 27]
160 638 [28 972 0] 129 [24 890 86]
161 642 [49 951 0] 129 [0 6 740 237 17]
162 646 [17 983 0] 130 [49 883 68]
163 650 [5 995 0] 130 [0 8 788 198 6]
164 654 [1000] 131 [2 227 736 34 1]
165 658 [2 998 0] 131 [0 16 852 130 2]
166 662 [1000] 132 [5 646 322 27 0]
167 666 [1000] 132 [1 15 887 96 1]
168 670 [2 997 1] 132 [0 2 751 233 14]
169 674 [0 999 1] 133 [59 868 73]
170 678 [0 994 6] 133 [0 11 816 168 5]
171 682 [0 982 18] 133 [0 1 194 759 46]
172 687 [727 273 0] 134 [0 15 833 149 3]
173 690 [0 752 248] 135 [2 544 431 23 0]
174 694 [0 395 605] 135 [0 23 879 96 2]
175 699 [169 831 0] 135 [0 9 781 196 14]
176 702 [0 960 40] 136 [44 885 71]
177 706 [0 962 38] 136 [0 5 821 169 5]
178 711 [847 153 0] 137 [0 279 678 42 1]
179 714 [0 560 440] 137 [0 18 860 119 3]
180 719 [53 947 0] 138 [1 597 375 27 0]
181 723 [75 925 0] 138 [20 894 86]
182 726 [0 30 970] 138 [0 5 765 222 8]
183 731 [26 974 0] 139 [2 49 873 76 0]
184 735 [2 998 0] 140 [10 829 154 7 0]
185 739 [10 987 3] 140 [3 123 823 51 0]
186 743 [7 991 2] 140 [9 841 150]
187 747 [4 990 6] 141 [1 525 450 24 0]
188 751 [0 991 9] 141 [0 17 875 107 1]
189 755 [1 984 15] 141 [0 6 756 224 14]
190 759 [1 979 20] 142 [33 890 77]
191 763 [0 984 16] 142 [0 6 774 216 4]
192 766 [0 946 54] 143 [1 248 717 34 0]
193 770 [0 964 36] 143 [0 12 877 109 2]
194 774 [0 947 53] 143 [0 4 637 340 19]
195 778 [0 935 65] 144 [11 917 72]
196 783 [549 451 0] 145 [801 191 8]
197 786 [0 675 325] 145 [86 845 69]
198 790 [0 521 479] 145 [0 11 827 155 7]
199 794 [0 432 568] 146 [2 227 732 39 0]
200 799 [263 737 0] 146 [0 12 840 146 2]
201 802 [0 262 738] 147 [545 434 21]
202 807 [136 864 0] 147 [0 20 880 97 3]
203 811 [52 946 2] 147 [0 3 733 251 13]
204 815 [11 984 5] 148 [0 29 886 84 1]
205 819 [13 973 14] 148 [0 4 784 203 9]
206 823 [4 980 16] 149 [60 877 63]
207 827 [1 981 18] 149 [0 8 827 159 6]
208 831 [89 911 0] 149 [0 5 275 669 51]
209 835 [129 870 1] 150 [10 864 126]
210 839 [77 922 1] 150 [0 5 611 369 15]
211 843 [39 956 5] 151 [0 27 880 92 1]
212 847 [11 983 6] 152 [5 757 219 19 0]
213 851 [11 967 22] 152 [0 38 877 84 1]
214 855 [2 976 22] 152 [0 2 819 172 7]
215 859 [7 962 31] 153 [88 871 41]
216 863 [8 964 28] 154 [14 798 183 5 0]
217 867 [6 958 36] 154 [247 720 33]
218 871 [4 959 37] 154 [0 8 884 107 1]
219 875 [4 941 55] 155 [560 413 27]
220 879 [2 885 113] 155 [0 24 876 98 2]
221 883 [1 907 92] 155 [0 7 737 242 14]
222 887 [1 813 186] 156 [21 899 80]
223 892 [738 260 2] 156 [0 4 797 192 7]
224 895 [4 962 34] 157 [0 77 871 51 1]
225 899 [8 927 65] 157 [0 10 819 166 5]
226 903 [3 848 149] 158 [1 225 731 43 0]
227 907 [0 2 713 283 2] 158 [13 837 150]
228 912 [1 284 710 5 0] 159 [2 454 531 13 0]
229 916 [311 685 4] 159 [0 15 899 85 1]
230 920 [160 835 5] 159 [0 3 741 240 16]
231 924 [117 870 13] 160 [13 921 66]
232 928 [59 930 11] 161 [790 203 7]
233 932 [1 89 894 16 0] 161 [79 857 64]
234 936 [50 930 20] 162 [8 845 145 2 0]
235 940 [43 934 23] 162 [2 193 773 32 0]
236 944 [11 947 42] 162 [0 11 822 166 1]
237 948 [10 954 36] 163 [436 541 23]
238 952 [3 931 66] 164 [13 892 94 1 0]
239 956 [0 1 906 92 1] 163 [0 4 696 277 23]
240 960 [14 968 18] 164 [0 26 899 74 1]
241 964 [60 909 31] 165 [759 230 11]
242 968 [6 984 10] 165 [16 967 17]
243 972 [15 951 34] 165 [0 7 789 198 6]
244 976 [3 933 64] 165 [0 2 73 880 45]
245 980 [10 917 73] 166 [0 9 821 168 2]
246 984 [0 5 909 85 1] 167 [1 274 697 28 0]
247 988 [0 3 876 120 1] 167 [0 14 884 101 1]
248 992 [1 871 128] 168 [3 607 358 32 0]
249 996 [1 910 89] 168 [11 902 87]
250 1000 [0 2 881 116 1] 169 [1 725 262 12 0]
251 1004 [5 855 140] 169 [28 882 90]
252 1009 [772 227 1] 169 [0 4 789 198 9]
253 1012 [0 1 751 245 3] 170 [44 898 58]
254 1016 [0 2 645 347 6] 171 [3 797 198 2 0]
255 1020 [0 1 558 433 8] 171 [89 864 47]
# FINISHED
