0 0 [1000] 0 [1000]
1 3 [8 308 681 3 0] 3 [3 311 685 1 0]
2 6 [1 223 776] 7 [5 219 775 1 0]
3 11 [3 204 789 4 0] 10 [0 4 201 794 1]
4 14 [0 84 916] 14 [2 76 922]
5 19 [1 93 900 6 0] 19 [91 908 1]
6 23 [2 74 917 7 0] 23 [63 932 5]
7 27 [50 938 12] 27 [50 929 21]
8 31 [45 949 6] 31 [34 961 5]
9 35 [37 936 27] 35 [40 932 28]
10 39 [33 939 28] 39 [34 936 30]
11 43 [0 32 894 73 1] 43 [22 909 69]
12 47 [12 815 173] 47 [19 796 185]
13 51 [14 755 231] 52 [10 744 245 1 0]
14 55 [0 11 587 401 1] 55 [0 11 592 396 1]
15 60 [9 481 509 1 0] 60 [5 448 545 2 0]
16 63 [34 965 1] 63 [34 963 3]
17 67 [28 937 35] 67 [35 928 37]
18 71 [19 915 66] 71 [22 918 60]
19 75 [0 15 851 133 1] 75 [15 852 133]
20 79 [5 488 507] 79 [0 8 510 480 2]
21 84 [9 377 611 3 0] 83 [0 6 429 564 1]
22 88 [2 142 850 6 0] 88 [3 253 741 3 0]
23 92 [2 64 926 8 0] 92 [2 192 804 2 0]
24 96 [30 969 1] 96 [4 486 509 1 0]
25 100 [52 937 11] 99 [19 902 79]
26 104 [1 27 960 12 0] 103 [1 77 918 4 0]
27 108 [28 961 11] 106 [36 941 23]
28 112 [9 967 24] 108 [0 1 168 824 7]
29 116 [9 952 39] 111 [24 905 71]
30 120 [2 926 72] 113 [0 28 886 83 3]
31 124 [2 796 202] 115 [3 227 720 50 0]
32 128 [0 950 50] 116 [3 11 852 129 5]
33 132 [2 915 83] 117 [0 7 716 237 40]
34 136 [0 876 124] 118 [0 5 603 333 59]
35 140 [1 855 144] 120 [3 452 472 72 1]
36 144 [0 619 381] 121 [1 564 361 72 2]
37 149 [373 627 0] 121 [0 4 731 212 53]
38 153 [202 798 0] 123 [13 811 154 21 1]
39 157 [119 881 0] 124 [52 779 155 14 0]
40 161 [104 896 0] 124 [6 555 364 73 2]
41 165 [72 928 0] 125 [5 804 148 42 1]
42 169 [55 943 2] 126 [118 746 114 22 0]
43 173 [36 958 6] 125 [0 4 763 169 64]
44 177 [19 973 8] 126 [0 33 808 142 17]
45 181 [20 965 15] 127 [8 658 270 63 1]
46 185 [13 973 14] 127 [0 44 819 117 20]
47 189 [11 971 18] 127 [0 10 754 188 48]
48 193 [135 865 0] 128 [2 125 749 109 15]
49 197 [100 900 0] 128 [0 1 802 150 47]
50 201 [95 905 0] 129 [0 545 364 84 7]
51 205 [87 913 0] 129 [0 33 810 120 37]
52 208 [0 54 946] 130 [8 745 197 46 4]
53 213 [41 958 1] 130 [2 272 593 111 22]
54 217 [38 960 2] 130 [0 1 19 805 132 42 1]
55 221 [23 975 2] 131 [5 745 188 56 6]
56 225 [23 976 1] 131 [1 253 615 106 25]
57 229 [18 977 5] 131 [0 15 813 128 44]
58 233 [9 988 3] 132 [9 766 155 67 3]
59 237 [12 984 4] 132 [3 382 490 102 23]
60 241 [0 979 21] 132 [1 23 808 131 37]
61 245 [1 972 27] 133 [7 759 167 64 3]
62 250 [960 40 0] 133 [1 624 284 76 15]
63 253 [1 969 30] 133 [1 121 732 121 25]
64 256 [0 988 12] 133 [0 29 776 145 50]
65 260 [0 973 27] 134 [13 788 143 55 1]
66 264 [0 967 33] 134 [5 653 246 85 11]
67 268 [0 932 68] 134 [4 164 676 122 34]
68 272 [0 760 240] 135 [19 820 118 42 1]
69 276 [0 676 324] 135 [6 780 149 64 1]
70 280 [0 693 307] 135 [5 653 248 81 13]
71 284 [0 683 317] 135 [3 292 582 98 25]
72 289 [653 347 0] 135 [1 44 802 115 38]
73 292 [0 387 613] 136 [16 785 140 58 1]
74 297 [182 818 0] 136 [4 739 186 65 6]
75 301 [82 918 0] 136 [4 612 300 75 9]
76 305 [25 975 0] 136 [3 205 656 105 31]
77 309 [15 985 0] 137 [25 806 126 42 1]
78 313 [8 990 2] 137 [8 764 165 62 1]
79 317 [1 996 3] 137 [3 766 169 54 8]
80 321 [69 931 0] 137 [1 616 287 81 15]
81 325 [41 959 0] 137 [1 373 491 108 27]
82 329 [15 985 0] 137 [0 75 782 109 34]
83 333 [9 991 0] 138 [22 809 131 38 0]
84 337 [1000] 138 [14 738 176 68 4]
85 341 [0 998 2] 138 [7 748 166 72 7]
86 345 [0 995 5] 138 [4 601 286 85 24]
87 349 [0 980 20] 138 [3 204 636 122 35]
88 353 [0 970 30] 138 [0 1 49 800 113 36 1]
89 357 [0 805 195] 139 [16 807 130 45 2]
90 361 [0 338 662] 139 [8 768 161 59 4]
91 366 [75 925 0] 139 [4 742 174 70 10]
92 370 [12 988 0] 139 [4 618 274 82 22]
93 374 [6 994 0] 139 [2 383 490 97 28]
94 378 [3 997 0] 139 [1 124 721 117 37]
95 382 [4 996 0] 139 [0 34 767 145 54]
96 386 [568 432 0] 140 [19 786 135 59 1]
97 390 [267 733 0] 140 [8 785 147 58 2]
98 394 [114 886 0] 140 [8 734 173 73 12]
99 398 [46 954 0] 140 [2 691 207 82 18]
100 402 [7 993 0] 141 [357 522 98 23 0]
101 406 [1000] 141 [2 131 693 129 44 1 0]
102 410 [1000] 141 [34 793 132 40 1]
103 414 [1000] 141 [17 792 143 44 4]
104 418 [1000] 141 [8 773 154 58 7]
105 422 [1000] 141 [7 760 163 63 7]
106 426 [1000] 141 [4 676 233 66 21]
107 430 [0 999 1] 141 [2 618 269 86 25]
108 434 [0 987 13] 141 [1 364 516 88 31]
109 438 [0 864 136] 141 [1 146 688 120 45]
110 443 [435 565 0] 141 [0 48 786 121 45]
111 447 [63 937 0] 141 [0 27 795 122 56]
112 450 [1000] 141 [0 12 766 159 63]
113 454 [1000] 142 [9 772 153 61 5]
114 458 [0 991 9] 142 [5 756 158 71 10]
115 462 [0 871 129] 142 [7 657 213 107 16]
116 467 [207 793 0] 142 [4 570 306 104 16]
117 471 [58 942 0] 142 [4 253 573 130 40]
118 475 [15 985 0] 142 [2 105 736 111 46]
119 479 [3 997 0] 142 [1 43 797 119 40]
120 483 [1 999 0] 143 [22 758 160 60 0]
121 487 [1000] 143 [13 799 132 54 2]
122 491 [1000] 143 [9 791 135 60 5]
123 495 [1000] 143 [7 731 183 69 10]
124 499 [1000] 143 [3 708 203 73 13]
125 503 [1000] 143 [2 583 318 74 23]
126 507 [1000] 143 [6 386 465 109 34]
127 511 [0 994 6] 143 [1 169 704 101 25]
128 508 [0 997 3] 143 [0 242 637 92 29]
129 512 [0 969 31] 143 [0 195 661 110 34]
130 517 [712 288 0] 144 [76 717 156 49 2]
131 521 [170 830 0] 144 [35 786 137 41 1]
132 525 [1 999 0] 144 [18 791 146 43 2]
133 529 [1000] 144 [11 750 168 64 7]
134 533 [1000] 144 [7 762 180 43 8]
135 537 [1000] 144 [4 730 183 70 13]
136 541 [1000] 144 [7 700 211 67 15]
137 545 [1000] 144 [2 586 313 78 21]
138 549 [1000] 144 [2 434 436 99 29]
139 553 [1000] 144 [3 309 550 108 30]
140 557 [0 988 12] 144 [2 141 698 116 43]
141 561 [0 996 4] 144 [3 87 760 113 37]
142 565 [0 954 46] 144 [0 1 50 764 134 50 1]
143 569 [0 844 156] 144 [1 23 814 113 49]
144 573 [1000] 145 [9 808 127 50 6]
145 577 [1 999 0] 144 [0 1 5 776 140 71 7]
146 581 [1000] 145 [4 769 162 58 7]
147 585 [1000] 145 [1 768 161 56 14]
148 589 [0 984 16] 145 [2 716 183 71 28]
149 593 [0 991 9] 145 [0 642 257 79 22]
150 597 [0 833 167] 145 [1 568 315 88 28]
151 601 [0 485 515] 145 [0 426 430 101 43]
152 606 [104 896 0] 145 [0 248 610 101 41]
153 610 [189 811 0] 145 [0 123 719 115 43]
154 614 [83 917 0] 145 [1 94 717 132 56]
155 617 [0 54 946] 146 [41 789 119 50 1]
156 622 [4 996 0] 146 [20 777 134 64 5]
157 626 [4 996 0] 146 [16 802 118 60 4]
158 630 [3 997 0] 146 [9 758 156 67 10]
159 634 [1 999 0] 146 [11 740 160 73 16]
160 638 [34 966 0] 146 [10 743 166 67 14]
161 642 [55 945 0] 146 [7 713 186 77 17]
162 646 [18 982 0] 146 [8 667 217 80 28]
163 650 [8 992 0] 146 [4 565 299 98 34]
164 654 [1 999 0] 146 [4 377 485 98 36]
165 658 [1000] 146 [4 259 572 122 43]
166 662 [1 998 1] 146 [2 146 703 108 41]
167 666 [1000] 146 [0 4 87 725 132 51 1]
168 670 [0 999 1] 146 [2 49 789 110 50]
169 674 [0 997 3] 147 [31 788 126 54 1]
170 678 [0 994 6] 146 [0 1 14 781 137 63 4]
171 682 [0 983 17] 146 [0 1 16 751 165 60 7]
172 686 [0 734 266] 147 [6 755 173 53 13]
173 690 [0 802 198] 147 [8 758 156 66 12]
174 694 [0 436 564] 147 [1 3 741 180 58 17 0]
175 699 [198 802 0] 147 [4 719 186 67 24]
176 702 [0 961 39] 147 [5 674 207 78 36]
177 706 [0 964 36] 147 [6 603 282 74 35]
178 710 [0 864 136] 147 [3 481 375 102 39]
179 714 [0 615 385] 147 [3 398 467 93 39]
180 719 [80 920 0] 147 [1 225 623 110 41]
181 723 [66 934 0] 147 [0 2 122 694 120 61 1]
182 727 [34 966 0] 147 [1 102 728 125 44]
183 731 [17 983 0] 147 [0 3 48 776 125 47 1]
184 734 [0 6 994] 147 [0 2 33 775 124 62 4]
185 739 [9 991 0] 147 [0 1 22 782 138 52 5]
186 743 [7 992 1] 148 [12 801 114 65 8]
187 747 [4 993 3] 148 [16 764 142 62 16]
188 751 [1 996 3] 148 [10 758 150 68 14]
189 755 [3 985 12] 148 [12 724 162 81 21]
190 759 [0 991 9] 148 [7 744 158 71 20]
191 763 [0 979 21] 148 [6 714 186 70 24]
192 766 [0 951 49] 148 [6 698 179 84 33]
193 770 [0 964 36] 148 [2 638 246 78 36]
194 774 [0 953 47] 148 [4 535 339 91 31]
195 778 [0 931 69] 148 [0 5 415 425 109 45 1]
196 783 [532 468 0] 148 [2 304 546 105 43]
197 787 [684 316 0] 148 [0 2 195 652 108 42 1]
198 791 [533 467 0] 148 [0 1 116 702 129 50 2]
199 795 [445 555 0] 148 [0 1 70 756 119 52 2]
200 799 [250 750 0] 148 [0 1 48 748 145 57 1]
201 803 [278 722 0] 149 [30 798 121 47 4]
202 807 [124 876 0] 148 [0 2 22 787 131 53 5]
203 811 [57 942 1] 149 [13 782 140 57 8]
204 815 [5 986 9] 149 [12 777 145 55 11]
205 819 [15 975 10] 149 [9 759 167 49 16]
206 823 [6 981 13] 149 [10 727 176 64 23]
207 827 [3 968 29] 149 [3 737 178 62 20]
208 831 [104 896 0] 149 [4 712 183 75 26]
209 835 [126 874 0] 149 [5 694 189 89 23]
210 839 [62 937 1] 149 [1 648 235 89 27]
211 843 [42 950 8] 149 [3 588 270 105 34]
212 847 [7 983 10] 149 [3 514 356 93 34]
213 851 [17 968 15] 149 [0 365 492 105 38]
214 855 [5 970 25] 149 [2 323 507 121 47]
215 859 [6 962 32] 150 [157 679 117 46 1]
216 863 [5 963 32] 149 [1 120 720 107 52]
217 867 [7 959 34] 149 [1 90 729 122 58]
218 871 [5 950 45] 150 [60 768 116 53 3]
219 875 [4 944 52] 149 [0 35 783 121 61]
220 879 [0 865 135] 150 [34 767 136 59 4]
221 883 [2 920 78] 150 [20 781 139 57 3]
222 887 [2 797 201] 150 [16 756 155 64 9]
223 891 [3 769 228] 150 [14 780 137 60 9]
224 895 [4 973 23] 150 [10 775 140 63 12]
225 899 [5 931 64] 150 [7 746 163 70 14]
226 903 [3 870 127] 150 [6 747 158 72 17]
227 908 [3 755 241 1 0] 150 [3 720 182 73 22]
228 911 [0 1 265 726 8] 150 [7 707 171 87 28]
229 916 [331 662 7] 150 [4 704 188 80 24]
230 920 [165 828 7] 150 [1 651 233 86 29]
231 924 [135 853 12] 150 [6 578 262 107 47]
232 928 [1 61 925 13 0] 150 [3 422 443 104 28]
233 932 [107 878 15] 151 [5 318 512 115 49 1 0]
234 936 [58 926 16] 150 [7 246 589 107 51]
235 940 [44 935 21] 150 [0 1 148 709 88 52 2]
236 944 [13 949 38] 151 [1 124 714 110 48 3 0]
237 948 [13 950 37] 150 [0 1 70 762 120 43 4]
238 952 [6 930 64] 151 [50 774 126 46 4]
239 956 [3 905 92] 150 [0 2 38 755 147 51 7]
240 960 [12 968 20] 150 [0 1 26 770 142 54 7]
241 964 [53 925 22] 151 [18 791 140 44 7]
242 968 [22 946 32] 151 [24 773 138 57 8]
243 972 [21 939 40] 151 [13 782 144 53 8]
244 976 [2 937 61] 151 [12 742 174 59 13]
245 980 [7 935 58] 150 [0 1 10 770 152 52 15]
246 984 [1 924 75] 151 [10 769 144 56 21]
247 988 [0 3 893 103 1] 151 [7 735 163 66 29]
248 992 [0 899 101] 151 [4 742 178 55 21]
249 996 [3 903 94] 151 [5 727 178 66 24]
250 1000 [0 3 869 126 2] 151 [9 682 200 80 29]
251 1004 [3 879 118] 151 [8 681 209 73 29]
252 1008 [0 2 786 211 1] 151 [4 630 262 76 28]
253 1013 [4 769 225 2 0] 151 [5 561 310 86 38]
254 1017 [1 667 327 5 0] 151 [0 480 388 94 38]
255 1021 [592 404 4] 151 [2 408 462 90 38]
# FINISHED
