0 0 [1000] 0 [1000]
1 2 [3 346 651] 3 [6 296 696 2 0]
2 7 [4 223 770 3 0] 6 [3 205 792]
3 11 [5 173 819 3 0] 10 [3 165 832]
4 15 [2 92 905 1 0] 15 [1 89 909 1 0]
5 18 [0 1 97 899 3] 19 [2 89 907 2 0]
6 23 [72 920 8] 23 [70 924 6]
7 27 [49 940 11] 27 [41 943 16]
8 31 [44 951 5] 31 [1 39 952 8 0]
9 35 [0 41 925 33 1] 35 [37 936 27]
10 39 [35 928 37] 39 [29 931 40]
11 43 [28 916 56] 43 [21 916 63]
12 48 [16 795 188 1 0] 47 [0 17 784 198 1]
13 51 [0 12 758 229 1] 51 [15 758 227]
14 56 [10 586 402 2 0] 55 [7 607 386]
15 60 [13 438 547 2 0] 59 [0 7 465 526 2]
16 63 [37 960 3] 63 [33 965 2]
17 67 [35 924 41] 67 [42 930 28]
18 71 [17 923 60] 71 [25 938 37]
19 75 [16 851 133] 75 [19 915 66]
20 80 [4 494 500 2 0] 79 [16 824 160]
21 84 [4 331 664 1 0] 83 [0 13 928 58 1]
22 88 [1 124 870 5 0] 87 [27 953 20]
23 92 [1 73 922 4 0] 91 [71 925 4]
24 96 [28 965 7] 94 [8 906 86]
25 100 [50 944 6] 97 [0 6 831 162 1]
26 104 [36 951 13] 100 [10 847 143]
27 108 [30 958 12] 103 [42 934 24]
28 112 [6 974 20] 106 [13 858 128 1 0]
29 116 [14 934 52] 107 [0 14 832 150 4]
30 120 [2 925 73] 109 [0 20 905 74 1]
31 124 [4 782 214] 111 [6 546 426 22 0]
32 128 [0 958 42] 112 [0 24 897 77 2]
33 132 [3 934 63] 113 [0 14 848 128 10]
34 136 [1 890 109] 115 [9 751 213 27 0]
35 140 [0 851 149] 115 [0 4 735 226 35]
36 144 [0 633 367] 117 [4 645 307 42 2]
37 148 [0 403 597] 117 [0 9 718 215 58]
38 152 [0 209 791] 119 [7 796 171 25 1]
39 157 [118 882 0] 120 [16 799 163 22 0]
40 161 [104 896 0] 120 [0 50 817 119 14]
41 165 [55 943 2] 121 [0 480 454 63 3]
42 169 [45 953 2] 122 [9 760 178 53 0]
43 173 [35 959 6] 122 [2 25 837 122 14]
44 177 [18 979 3] 123 [2 535 381 76 6]
45 181 [25 961 14] 124 [17 777 165 41 0]
46 185 [14 972 14] 124 [2 253 646 90 9]
47 189 [12 969 19] 125 [8 820 134 38 0]
48 193 [165 835 0] 125 [1 294 603 90 12]
49 197 [102 898 0] 126 [16 816 131 37 0]
50 201 [95 905 0] 125 [0 2 454 453 91]
51 205 [82 918 0] 126 [0 14 813 142 31]
52 209 [44 956 0] 127 [2 591 343 61 3]
53 213 [40 959 1] 127 [0 29 794 143 34]
54 217 [31 967 2] 128 [8 766 179 46 1]
55 221 [21 978 1] 128 [1 184 716 87 12]
56 225 [25 975 0] 128 [2 4 810 140 44]
57 229 [17 979 4] 129 [0 726 209 63 2]
58 233 [16 975 9] 129 [0 162 716 105 17]
59 237 [14 975 11] 129 [0 20 781 152 47]
60 241 [2 977 21] 130 [8 711 207 69 5]
61 245 [3 969 28] 130 [1 164 684 124 27]
62 249 [3 968 29] 130 [0 17 815 125 43]
63 253 [2 961 37] 131 [5 762 172 59 2]
64 256 [0 988 12] 131 [4 565 335 79 17]
65 260 [0 977 23] 131 [0 90 771 117 22]
66 264 [0 968 32] 132 [17 788 145 50 0]
67 268 [0 941 59] 132 [8 694 205 85 8]
68 273 [752 248 0] 132 [4 368 521 92 15]
69 277 [670 330 0] 133 [31 825 110 34 0]
70 280 [0 674 326] 133 [12 756 170 59 3]
71 284 [0 665 335] 133 [7 722 198 69 4]
72 288 [0 674 326] 133 [1 365 529 88 17]
73 293 [356 644 0] 133 [0 53 776 139 32]
74 297 [206 794 0] 133 [0 20 793 143 44]
75 301 [93 907 0] 134 [8 727 196 66 3]
76 305 [27 973 0] 134 [7 614 290 83 6]
77 309 [15 985 0] 134 [4 137 729 105 25]
78 313 [5 995 0] 134 [1 22 789 138 50]
79 317 [0 998 2] 135 [10 792 148 47 3]
80 321 [68 932 0] 135 [7 765 178 45 5]
81 325 [37 963 0] 135 [2 606 283 90 19]
82 329 [24 976 0] 135 [3 229 644 97 27]
83 333 [11 989 0] 136 [36 806 119 38 1]
84 337 [2 996 2] 136 [15 791 130 63 1]
85 341 [0 997 3] 136 [10 770 159 59 2]
86 345 [0 994 6] 136 [5 667 244 73 11]
87 349 [0 983 17] 136 [4 356 498 116 26]
88 353 [0 974 26] 136 [0 76 762 126 36]
89 357 [0 781 219] 136 [0 2 21 771 154 51 1]
90 362 [340 660 0] 137 [8 795 140 54 3]
91 366 [79 921 0] 137 [2 742 179 73 4]
92 370 [14 986 0] 137 [1 663 237 82 17]
93 374 [7 993 0] 137 [1 393 482 96 28]
94 378 [4 996 0] 137 [0 92 757 121 30]
95 382 [4 996 0] 137 [0 40 781 129 50]
96 386 [534 466 0] 138 [23 779 148 49 1]
97 389 [0 205 795] 138 [9 772 157 55 7]
98 394 [122 878 0] 138 [6 718 183 83 10]
99 398 [48 952 0] 138 [4 649 259 68 20]
100 402 [5 995 0] 138 [4 303 565 104 24]
101 406 [1000] 138 [1 94 775 106 24]
102 410 [1000] 139 [1 23 808 129 38 1 0]
103 414 [1000] 139 [15 777 147 58 3]
104 418 [1000] 139 [1 7 781 139 68 4 0]
105 422 [1000] 139 [8 717 189 72 14]
106 426 [1000] 139 [5 657 233 86 19]
107 430 [1000] 139 [2 475 409 88 26]
108 435 [980 20 0] 139 [3 206 632 113 46]
109 438 [0 849 151] 139 [1 82 769 104 44]
110 442 [0 444 556] 139 [0 1 30 794 126 48 1]
111 446 [0 49 951] 140 [19 771 143 65 2]
112 450 [1000] 140 [9 781 145 58 7]
113 454 [1000] 140 [5 753 165 73 4]
114 458 [0 992 8] 140 [5 708 191 78 18]
115 462 [0 863 137] 140 [1 599 291 87 22]
116 467 [171 829 0] 140 [3 305 568 91 33]
117 471 [55 945 0] 140 [0 1 124 718 113 43 1]
118 475 [11 989 0] 141 [1 36 807 114 40 2 0]
119 478 [0 3 997] 141 [18 775 153 51 3]
120 483 [1000] 140 [0 1 5 811 128 52 3]
121 487 [1000] 141 [7 772 158 53 10]
122 491 [1000] 141 [4 746 152 81 17]
123 495 [1000] 141 [1 656 237 91 15]
124 499 [1000] 141 [3 459 438 81 19]
125 503 [1000] 141 [0 375 471 119 35]
126 507 [0 998 2] 141 [0 214 658 97 31]
127 511 [0 979 21] 141 [0 105 703 141 51]
128 508 [0 997 3] 141 [1 158 695 110 36]
129 513 [973 27 0] 141 [0 124 679 151 46]
130 517 [703 297 0] 141 [0 33 798 125 44]
131 521 [186 814 0] 142 [17 793 135 54 1]
132 525 [1 999 0] 141 [0 13 769 147 71]
133 529 [1000] 142 [9 739 183 63 6]
134 533 [1000] 142 [9 688 223 70 10]
135 537 [1000] 142 [6 615 280 84 15]
136 541 [1000] 142 [2 545 330 100 23]
137 545 [1000] 142 [5 387 466 109 33]
138 549 [1000] 142 [1 176 707 94 22]
139 553 [1000] 142 [1 116 705 136 42]
140 557 [0 982 18] 142 [0 1 38 796 124 40 1]
141 561 [0 998 2] 143 [1 31 745 164 55 4 0]
142 565 [0 958 42] 143 [11 788 155 44 2]
143 569 [0 857 143] 143 [14 714 200 68 4]
144 573 [1000] 143 [6 736 198 53 7]
145 577 [1000] 143 [3 678 259 51 9]
146 581 [1000] 143 [4 671 241 69 15]
147 585 [1000] 143 [4 585 305 88 18]
148 589 [0 983 17] 143 [5 440 429 97 29]
149 593 [0 996 4] 143 [0 328 545 100 27]
150 597 [0 865 135] 144 [196 656 107 41 0]
151 602 [504 496 0] 143 [1 109 730 120 40]
152 606 [137 863 0] 143 [0 1 69 775 114 38 3]
153 609 [0 182 818] 143 [1 39 786 123 51]
154 613 [0 98 902] 144 [21 802 138 37 2]
155 618 [56 944 0] 144 [23 715 194 63 5]
156 622 [3 997 0] 144 [11 743 187 53 6]
157 626 [6 994 0] 144 [11 742 170 63 14]
158 630 [1 999 0] 144 [9 721 189 70 11]
159 634 [1000] 144 [5 702 210 64 19]
160 638 [23 977 0] 144 [2 631 265 84 18]
161 642 [67 933 0] 144 [2 506 383 80 29]
162 646 [24 976 0] 144 [2 365 509 97 27]
163 650 [8 992 0] 144 [2 212 631 112 43]
164 654 [1000] 144 [2 84 763 110 41]
165 658 [2 998 0] 144 [2 50 763 134 51]
166 662 [1000] 144 [3 25 808 116 48]
167 666 [1000] 145 [18 811 131 36 4]
168 670 [0 998 2] 145 [1 10 774 146 67 2 0]
169 674 [0 997 3] 145 [6 812 127 48 7]
170 678 [0 993 7] 145 [7 805 129 52 7]
171 682 [1 982 17] 145 [5 742 170 70 13]
172 686 [0 741 259] 145 [2 779 143 65 11]
173 690 [0 786 214] 145 [3 742 174 59 22]
174 695 [449 551 0] 145 [2 688 194 94 22]
175 699 [220 780 0] 145 [1 668 225 80 26]
176 702 [0 976 24] 145 [2 552 332 84 30]
177 706 [0 963 37] 145 [0 449 400 110 41]
178 710 [0 877 123] 145 [0 266 607 89 38]
179 714 [0 630 370] 145 [1 190 642 123 44]
180 719 [69 931 0] 145 [0 97 753 108 42]
181 723 [73 927 0] 146 [55 788 118 38 1]
182 727 [41 959 0] 146 [41 749 142 67 1]
183 731 [14 986 0] 146 [24 807 110 56 3]
184 735 [6 994 0] 146 [12 805 128 49 6]
185 739 [14 986 0] 146 [18 750 156 72 4]
186 743 [5 994 1] 146 [11 769 149 64 7]
187 747 [8 989 3] 146 [9 754 163 65 9]
188 751 [0 997 3] 146 [4 722 181 73 20]
189 755 [1 990 9] 146 [7 712 204 63 14]
190 759 [1 984 15] 146 [5 687 178 98 32]
191 763 [0 981 19] 146 [3 569 313 84 31]
192 766 [0 958 42] 146 [5 587 302 83 23]
193 770 [0 959 41] 146 [1 500 341 119 39]
194 774 [0 953 47] 146 [4 334 518 110 34]
195 778 [0 936 64] 146 [0 3 212 645 100 39 1]
196 782 [0 532 468] 146 [2 150 667 133 48]
197 787 [685 315 0] 146 [1 69 761 124 45]
198 791 [544 456 0] 146 [0 1 40 786 126 45 2]
199 794 [0 443 557] 146 [0 2 27 781 131 55 4]
200 799 [229 771 0] 147 [24 793 132 46 5]
201 803 [288 712 0] 147 [18 756 159 56 11]
202 807 [129 871 0] 147 [13 782 140 55 10]
203 811 [59 941 0] 147 [11 772 155 51 11]
204 815 [5 991 4] 147 [9 738 169 66 18]
205 819 [11 976 13] 147 [4 746 180 57 13]
206 823 [2 981 17] 147 [7 722 195 60 16]
207 827 [2 974 24] 147 [4 708 163 88 37]
208 831 [83 917 0] 147 [2 698 190 87 23]
209 834 [0 119 881] 147 [4 578 311 82 25]
210 839 [62 936 2] 147 [4 561 279 111 45]
211 843 [36 959 5] 147 [2 491 377 94 36]
212 847 [10 984 6] 147 [4 376 489 84 47]
213 851 [13 969 18] 147 [1 276 552 123 48]
214 855 [8 969 23] 147 [1 177 669 108 45]
215 859 [7 958 35] 148 [113 708 126 52 1]
216 863 [3 967 30] 147 [0 3 69 773 109 42 4]
217 867 [8 955 37] 147 [0 1 50 772 130 45 2]
218 871 [3 962 35] 147 [0 1 36 765 135 59 4]
219 875 [6 948 46] 148 [27 743 184 44 2]
220 879 [4 847 149] 148 [18 754 161 60 7]
221 883 [2 913 85] 148 [15 800 121 55 9]
222 887 [1 802 197] 148 [12 762 154 60 12]
223 892 [765 234 1] 148 [10 754 157 70 9]
224 895 [2 971 27] 148 [9 757 157 60 17]
225 899 [4 926 70] 148 [6 738 168 68 20]
226 903 [3 831 166] 148 [6 723 160 80 31]
227 907 [2 739 259] 148 [6 734 160 80 20]
228 911 [0 1 295 700 4] 148 [3 696 190 80 31]
229 915 [0 1 327 665 7] 148 [6 638 230 85 41]
230 919 [0 1 182 807 10] 148 [4 580 291 99 26]
231 924 [120 866 14] 148 [4 501 369 86 40]
232 928 [57 929 14] 148 [6 432 403 110 49]
233 932 [94 895 11] 148 [0 2 251 596 112 38 1]
234 936 [58 922 20] 148 [0 2 174 651 119 53 1]
235 940 [50 930 20] 148 [0 1 132 694 118 54 1]
236 944 [7 956 37] 148 [0 1 77 768 107 45 2]
237 948 [18 943 39] 149 [63 750 129 52 6]
238 952 [7 936 57] 148 [0 1 41 775 121 57 5]
239 956 [2 909 89] 148 [0 1 29 787 116 59 8]
240 960 [14 964 22] 149 [22 764 147 60 7]
241 964 [62 910 28] 148 [0 1 21 780 139 51 8]
242 968 [23 950 27] 148 [0 2 11 787 135 52 13]
243 972 [20 940 40] 149 [16 706 201 66 11]
244 976 [2 941 57] 149 [14 769 139 64 14]
245 980 [6 934 60] 149 [8 781 145 52 14]
246 984 [7 908 85] 149 [8 748 152 72 20]
247 988 [2 886 112] 149 [6 733 180 53 28]
248 992 [0 1 870 126 3] 149 [1 701 184 91 23]
249 996 [0 2 898 99 1] 149 [2 733 177 63 25]
250 1000 [0 1 893 103 3] 149 [7 648 232 84 29]
251 1004 [2 858 140] 149 [4 637 224 98 37]
252 1009 [766 232 2] 149 [2 604 280 88 26]
253 1012 [0 1 749 246 4] 149 [1 548 324 96 31]
254 1017 [1 675 320 4 0] 149 [2 472 358 124 44]
255 1020 [0 3 578 416 3] 149 [1 364 496 96 43]
# FINISHED
