# [Emitter/Base junction of 2n4401 transistor; hFE = 263]
0 0 [1000] 0 [1000]
1 2 [0 5 326 668 1] 2 [0 6 303 687 4]
2 7 [3 227 768 2 0] 7 [5 210 784 1 0]
3 11 [4 194 800 2 0] 11 [2 177 819 2 0]
4 14 [2 88 910] 15 [89 910 1]
5 19 [95 902 3] 19 [1 100 897 2 0]
6 23 [74 918 8] 23 [78 918 4]
7 27 [45 943 12] 27 [48 940 12]
8 31 [41 952 7] 31 [40 955 5]
9 35 [39 932 29] 35 [38 931 31]
10 39 [34 929 37] 39 [31 935 34]
11 43 [0 30 903 66 1] 43 [0 25 900 74 1]
12 47 [0 15 794 190 1] 47 [12 781 207]
13 51 [14 731 255] 51 [0 12 733 254 1]
14 55 [0 9 607 382 2] 56 [11 577 409 3 0]
15 60 [10 454 535 1 0] 60 [7 465 525 3 0]
16 63 [26 973 1] 63 [31 966 3]
17 67 [35 927 38] 67 [30 926 44]
18 71 [17 933 50] 71 [27 917 56]
19 75 [13 830 157] 76 [20 803 176 1 0]
20 80 [6 476 517 1 0] 79 [4 520 476]
21 84 [4 361 633 2 0] 83 [8 425 567]
22 88 [2 132 862 4 0] 87 [1 250 749]
23 92 [77 916 7] 92 [3 180 814 3 0]
24 96 [26 966 8] 95 [3 362 635]
25 100 [54 936 10] 99 [12 883 105]
26 104 [28 963 9] 103 [43 952 5]
27 108 [33 955 12] 106 [12 918 70]
28 112 [7 968 25] 109 [0 16 881 100 3]
29 116 [11 943 46] 112 [37 933 30]
30 120 [3 905 92] 114 [0 18 872 109 1]
31 124 [3 767 230] 116 [0 9 824 165 2]
32 128 [0 940 60] 118 [29 896 75]
33 132 [2 913 85] 119 [0 6 670 288 36]
34 136 [1 857 142] 121 [0 37 826 132 5]
35 140 [0 817 183] 122 [0 12 811 159 18]
36 145 [556 444 0] 123 [0 7 733 206 54]
37 148 [0 308 692] 125 [3 643 290 62 2]
38 153 [171 828 1] 125 [0 5 664 264 67]
39 157 [95 905 0] 126 [0 6 718 216 60]
40 161 [82 917 1] 127 [0 10 802 148 40]
41 165 [45 953 2] 128 [1 5 841 130 23]
42 169 [38 959 3] 129 [0 262 632 97 9]
43 173 [30 962 8] 130 [7 735 201 56 1]
44 177 [22 970 8] 130 [1 21 797 148 33]
45 181 [15 964 21] 131 [4 383 506 97 10]
46 185 [13 965 22] 132 [14 771 164 50 1]
47 189 [7 966 27] 132 [2 126 747 106 19]
48 193 [119 881 0] 132 [0 7 770 166 57]
49 197 [84 916 0] 133 [0 226 649 108 17]
50 201 [78 921 1] 133 [0 15 765 162 58]
51 205 [69 931 0] 134 [3 477 412 98 10]
52 209 [45 954 1] 134 [2 16 809 137 36]
53 213 [37 961 2] 135 [4 687 212 88 9]
54 217 [23 977 0] 135 [1 78 777 118 26]
55 221 [18 977 5] 136 [13 785 158 42 2]
56 225 [18 977 5] 136 [5 526 357 93 19]
57 229 [17 980 3] 136 [1 23 803 135 38]
58 233 [8 982 10] 137 [3 756 179 60 2]
59 237 [8 981 11] 137 [3 502 386 90 19]
60 241 [2 973 25] 138 [51 791 122 36 0]
61 245 [1 962 37] 138 [15 748 177 59 1]
62 249 [1 958 41] 138 [6 688 222 75 9]
63 254 [955 45 0] 138 [3 134 720 112 31]
64 256 [0 985 15] 138 [0 18 788 142 52]
65 260 [0 975 25] 139 [7 775 160 53 5]
66 264 [0 954 46] 139 [2 642 258 80 18]
67 268 [0 939 61] 139 [2 186 656 120 36]
68 273 [679 321 0] 140 [26 803 133 38 0]
69 277 [612 388 0] 140 [11 771 163 52 3]
70 280 [0 586 414] 140 [5 673 228 81 13]
71 285 [558 442 0] 140 [3 273 602 100 22]
72 289 [567 433 0] 141 [2 44 762 148 43 1 0]
73 293 [288 712 0] 141 [8 794 138 57 3]
74 297 [118 882 0] 141 [3 777 162 49 9]
75 300 [0 76 924] 141 [3 576 298 102 21]
76 304 [0 24 976] 141 [1 197 661 110 31]
77 309 [9 990 1] 141 [0 49 781 119 51]
78 313 [1 999 0] 141 [1 17 766 150 66]
79 317 [0 994 6] 142 [7 756 163 67 7]
80 321 [55 945 0] 142 [5 626 266 85 18]
81 325 [34 966 0] 142 [2 353 500 110 35]
82 329 [18 982 0] 142 [0 1 72 770 112 42 3]
83 333 [9 991 0] 143 [20 763 158 57 2]
84 337 [1 999 0] 143 [9 794 138 54 5]
85 341 [0 996 4] 143 [5 744 186 56 9]
86 345 [0 983 17] 143 [2 586 271 117 24]
87 349 [0 978 22] 143 [1 329 553 94 23]
88 353 [0 956 44] 143 [0 2 77 778 107 35 1]
89 357 [0 662 338] 143 [1 33 751 152 63]
90 362 [219 781 0] 143 [0 1 14 808 128 48 1]
91 366 [50 950 0] 144 [7 777 158 52 6]
92 370 [12 988 0] 144 [5 683 213 86 13]
93 374 [6 994 0] 144 [5 527 369 73 26]
94 378 [2 998 0] 144 [3 229 632 101 35]
95 382 [1 999 0] 144 [3 82 747 122 46]
96 385 [0 285 715] 144 [0 1 23 810 120 44 2]
97 390 [102 898 0] 145 [13 767 155 62 3]
98 394 [49 951 0] 145 [5 794 140 51 10]
99 398 [23 977 0] 145 [3 736 182 61 18]
100 402 [5 995 0] 145 [3 684 196 86 31]
101 406 [1000] 145 [1 496 385 87 31]
102 410 [1 999 0] 145 [0 259 591 111 39]
103 414 [1000] 145 [0 105 725 119 51]
104 418 [1000] 146 [35 789 113 62 1]
105 422 [1000] 146 [16 795 130 58 1]
106 426 [1000] 146 [16 745 160 69 10]
107 430 [0 999 1] 146 [11 761 151 63 14]
108 434 [0 937 63] 146 [5 696 187 86 26]
109 438 [0 628 372] 146 [6 611 267 90 26]
110 443 [198 802 0] 146 [1 352 510 92 45]
111 447 [15 985 0] 146 [3 165 657 125 50]
112 450 [0 999 1] 147 [59 787 117 35 2]
113 454 [0 997 3] 146 [0 1 32 783 133 49 2]
114 458 [0 954 46] 146 [0 1 18 768 145 58 10]
115 463 [621 379 0] 147 [1 9 782 153 46 9 0]
116 467 [67 933 0] 147 [11 745 162 67 15]
117 471 [9 991 0] 147 [8 709 180 75 28]
118 475 [5 995 0] 147 [3 648 238 85 26]
119 479 [1 999 0] 147 [3 449 393 114 41]
120 483 [1000] 147 [2 318 534 100 46]
121 487 [1000] 147 [2 139 718 101 40]
122 491 [1000] 148 [3 60 744 134 58 1 0]
123 495 [1000] 148 [44 770 132 49 5]
124 499 [1000] 148 [12 790 137 58 3]
125 503 [1000] 148 [11 762 150 61 16]
126 507 [0 998 2] 148 [9 746 161 70 14]
127 511 [0 902 98] 148 [6 727 172 72 23]
128 508 [1000] 148 [7 706 193 76 18]
129 512 [0 998 2] 148 [8 730 169 69 24]
130 516 [0 905 95] 148 [5 681 203 81 30]
131 521 [377 623 0] 148 [2 553 291 112 42]
132 525 [1 999 0] 148 [2 340 516 107 35]
133 529 [2 998 0] 148 [0 1 171 653 124 50 1]
134 532 [0 1 999] 148 [0 2 69 755 117 56 1]
135 537 [1000] 149 [1 30 796 123 47 3 0]
136 541 [1000] 149 [21 764 152 56 7]
137 545 [1000] 148 [0 1 10 786 141 49 13]
138 549 [1000] 149 [9 776 153 51 11]
139 553 [1000] 149 [7 753 154 67 19]
140 557 [0 996 4] 149 [5 720 186 69 20]
141 561 [1000] 149 [4 691 210 68 27]
142 565 [0 993 7] 149 [3 628 228 103 38]
143 569 [0 963 37] 149 [2 480 385 94 39]
144 573 [1000] 149 [2 338 522 101 37]
145 577 [1000] 149 [4 208 616 119 53]
146 581 [1000] 149 [1 93 744 116 46]
147 585 [1000] 149 [0 56 772 121 51]
148 589 [0 998 2] 149 [0 1 32 761 144 61 1]
149 593 [1000] 149 [0 21 780 143 56]
150 597 [0 957 43] 150 [14 757 155 69 5]
151 601 [0 678 322] 150 [11 780 140 60 9]
152 606 [232 768 0] 150 [8 752 150 71 19]
153 610 [337 663 0] 150 [7 709 171 83 30]
154 614 [178 822 0] 150 [6 705 182 83 24]
155 618 [120 880 0] 150 [5 647 234 82 32]
156 622 [7 993 0] 150 [0 2 581 279 101 35 2]
157 626 [14 986 0] 150 [3 392 461 109 35]
158 630 [4 996 0] 150 [0 1 224 622 114 38 1]
159 634 [1 999 0] 150 [0 1 123 704 116 54 2]
160 638 [52 948 0] 150 [1 57 774 116 52]
161 642 [96 904 0] 150 [0 1 36 782 129 48 4]
162 645 [0 25 975] 150 [0 2 30 766 140 55 7]
163 650 [9 991 0] 151 [16 808 127 43 6]
164 654 [1 999 0] 150 [0 1 13 774 149 55 8]
165 658 [2 998 0] 150 [0 1 9 751 166 61 12]
166 662 [1 999 0] 151 [9 757 170 51 13]
167 666 [1000] 151 [9 724 179 63 25]
168 670 [0 999 1] 151 [2 743 170 64 21]
169 674 [1000] 151 [5 668 223 75 29]
170 678 [0 993 7] 151 [4 615 259 86 36]
171 682 [0 983 17] 151 [4 531 341 89 35]
172 686 [0 819 181] 151 [3 392 469 93 43]
173 690 [0 856 144] 151 [3 299 545 101 52]
174 694 [0 520 480] 151 [3 174 665 120 38]
175 699 [257 743 0] 151 [0 1 102 738 111 47 1]
176 702 [0 969 31] 151 [0 2 66 731 127 67 7]
177 706 [0 971 29] 152 [1 47 788 117 43 4 0]
178 711 [909 91 0] 151 [0 1 35 770 131 58 5]
179 715 [684 316 0] 151 [0 1 19 785 117 72 6]
180 718 [0 80 920] 152 [16 800 115 64 5]
181 723 [124 876 0] 152 [14 753 154 67 12]
182 727 [48 952 0] 152 [11 771 141 64 13]
183 731 [22 978 0] 152 [8 760 148 66 18]
184 735 [7 993 0] 152 [9 738 151 72 30]
185 739 [9 991 0] 152 [10 725 164 74 27]
186 743 [9 991 0] 152 [5 682 197 86 30]
187 747 [7 991 2] 152 [4 628 227 101 40]
188 751 [1 996 3] 152 [5 513 350 94 38]
189 755 [4 989 7] 152 [0 5 375 462 118 39 1]
190 759 [1 989 10] 152 [0 219 617 131 33]
191 763 [0 985 15] 152 [0 3 230 603 124 38 2]
192 766 [0 960 40] 152 [5 147 678 118 52]
193 770 [0 978 22] 153 [105 727 118 46 4]
194 774 [1 967 32] 153 [46 783 126 39 6]
195 778 [0 930 70] 153 [1 43 745 145 59 7 0]
196 782 [0 643 357] 152 [0 1 30 780 128 53 8]
197 786 [1 760 239] 153 [19 784 130 57 10]
198 791 [613 387 0] 152 [0 1 12 775 143 57 12]
199 794 [0 521 479] 153 [13 750 168 49 20]
200 799 [310 690 0] 153 [8 743 169 64 16]
201 803 [350 649 1] 152 [0 1 4 777 146 52 20]
202 807 [162 838 0] 153 [3 736 179 64 18]
203 811 [1 70 927 2 0] 153 [2 727 170 69 32]
204 815 [10 987 3] 153 [5 721 178 74 22]
205 819 [13 977 10] 153 [3 701 192 80 24]
206 823 [7 982 11] 153 [2 627 217 110 44]
207 827 [3 980 17] 153 [2 603 275 93 27]
208 831 [116 884 0] 153 [3 527 327 96 47]
209 835 [178 821 1] 153 [2 439 391 113 55]
210 839 [76 924 0] 153 [1 302 551 103 43]
211 843 [45 951 4] 153 [0 1 164 674 112 48 1]
212 847 [12 983 5] 153 [0 1 89 714 130 63 3]
213 851 [20 968 12] 153 [0 1 86 752 108 49 4]
214 855 [7 973 20] 154 [71 731 133 62 3]
215 859 [7 959 34] 154 [51 776 124 45 4]
216 863 [1 973 26] 154 [33 771 130 60 6]
217 867 [6 959 35] 154 [29 759 142 64 6]
218 871 [4 962 34] 154 [17 775 144 56 8]
219 875 [8 943 49] 154 [15 779 140 54 12]
220 879 [3 894 103] 154 [13 765 140 63 19]
221 883 [0 4 926 69 1] 154 [12 768 148 62 10]
222 887 [0 1 853 145 1] 154 [9 774 139 59 19]
223 891 [0 1 807 191 1] 154 [11 724 164 72 29]
224 895 [0 977 23] 154 [8 732 178 57 25]
225 899 [8 939 53] 154 [7 659 223 85 26]
226 903 [1 865 134] 154 [9 688 187 80 36]
227 908 [3 744 250 3 0] 154 [2 684 203 84 27]
228 912 [317 676 7] 154 [3 633 232 92 40]
229 915 [0 1 340 655 4] 154 [4 559 301 97 39]
230 920 [1 189 802 8 0] 154 [1 472 392 99 36]
231 924 [106 885 9] 154 [2 417 425 110 46]
232 928 [57 926 17] 154 [2 281 560 110 47]
233 932 [88 898 14] 154 [0 1 193 648 111 45 2]
234 936 [46 943 11] 154 [0 5 150 666 117 61 1]
235 940 [42 941 17] 154 [0 1 97 739 113 49 1]
236 944 [11 955 34] 154 [0 2 67 758 109 60 4]
237 948 [15 945 40] 154 [0 2 51 751 119 70 7]
238 952 [2 935 63] 155 [2 28 795 121 49 5 0]
239 956 [5 922 73] 154 [0 2 28 773 125 66 6]
240 960 [19 958 23] 154 [0 1 25 765 140 56 13]
241 964 [44 937 19] 155 [22 781 126 52 19]
242 968 [31 933 36] 154 [0 1 13 748 153 72 13]
243 972 [29 931 40] 154 [0 1 12 787 139 50 11]
244 976 [0 936 64] 154 [0 1 12 773 138 58 18]
245 980 [0 9 928 62 1] 155 [13 762 134 65 26]
246 984 [4 919 77] 155 [8 759 149 57 27]
247 988 [6 886 108] 155 [5 751 144 72 28]
248 993 [878 120 2] 155 [9 714 148 84 45]
249 996 [6 887 107] 155 [4 749 148 70 29]
250 1000 [0 3 901 95 1] 155 [5 714 174 75 32]
251 1004 [0 5 859 134 2] 155 [5 644 207 109 35]
252 1009 [772 226 2] 155 [3 667 211 84 35]
253 1012 [3 759 238] 155 [4 588 271 102 35]
254 1016 [0 2 662 330 6] 155 [1 505 344 102 48]
255 1020 [0 3 552 441 4] 155 [0 3 421 448 83 43 2]
# FINISHED
