# [Base/Collector junction of 2n4401 transistor; hFE = 263]
0 0 [1000] 0 [1000]
1 3 [4 326 668 2 0] 2 [0 7 297 694 2]
2 7 [3 223 773 1 0] 6 [0 3 237 758 2]
3 11 [4 196 798 2 0] 11 [1 193 804 2 0]
4 15 [1 83 914 2 0] 15 [4 72 922 2 0]
5 19 [1 114 878 7 0] 19 [3 99 894 4 0]
6 22 [0 1 38 958 3] 23 [29 969 2]
7 27 [22 974 4] 27 [17 979 4]
8 31 [1 45 946 8 0] 31 [43 955 2]
9 35 [39 934 27] 35 [35 939 26]
10 39 [32 938 30] 39 [25 941 34]
11 43 [24 916 60] 43 [24 904 72]
12 47 [0 15 793 191 1] 47 [0 14 782 203 1]
13 52 [14 758 226 2 0] 51 [9 733 258]
14 55 [0 13 620 366 1] 56 [11 578 410 1 0]
15 59 [0 6 501 491 2] 59 [0 6 462 531 1]
16 63 [30 966 4] 63 [33 965 2]
17 67 [0 32 930 37 1] 67 [0 42 917 40 1]
18 71 [23 929 48] 71 [21 931 48]
19 75 [0 17 850 132 1] 75 [11 865 124]
20 80 [8 512 478 2 0] 79 [9 631 360]
21 84 [3 372 624 1 0] 83 [0 7 645 346 2]
22 88 [2 155 841 2 0] 87 [5 649 346]
23 92 [1 70 925 4 0] 91 [12 846 142]
24 96 [25 971 4] 95 [31 962 7]
25 100 [53 938 9] 99 [201 798 1]
26 104 [31 960 9] 102 [21 947 32]
27 108 [36 953 11] 105 [17 919 64]
28 112 [12 963 25] 108 [20 926 54]
29 116 [14 949 37] 111 [1 657 341 1 0]
30 120 [1 924 75] 113 [229 745 26]
31 124 [0 796 204] 115 [4 175 766 55 0]
32 128 [0 954 46] 117 [3 738 240 19 0]
33 132 [2 923 75] 118 [0 14 848 137 1]
34 136 [1 880 119] 120 [6 521 421 52 0]
35 140 [1 815 184] 121 [0 40 859 96 5]
36 144 [0 619 381] 122 [0 13 791 180 16]
37 149 [345 655 0] 123 [0 7 804 152 37]
38 153 [191 808 1] 124 [0 7 788 171 34]
39 157 [116 883 1] 125 [0 13 771 166 50]
40 161 [97 903 0] 126 [0 18 807 150 25]
41 165 [62 938 0] 127 [0 50 821 110 19]
42 169 [52 946 2] 128 [4 278 628 86 4]
43 173 [37 960 3] 129 [0 771 178 50 1]
44 177 [23 967 10] 129 [0 27 814 132 27]
45 181 [23 967 10] 130 [3 484 411 98 4]
46 185 [16 969 15] 130 [1 7 790 150 52]
47 189 [15 963 22] 131 [1 168 706 107 18]
48 193 [125 875 0] 131 [0 14 796 141 49]
49 197 [89 911 0] 132 [3 207 681 97 12]
50 201 [85 915 0] 133 [13 755 168 61 3]
51 205 [77 923 0] 133 [0 413 489 87 11]
52 209 [44 956 0] 133 [0 18 802 131 49]
53 213 [41 958 1] 134 [3 672 241 81 3]
54 217 [27 971 2] 134 [4 32 809 122 33]
55 221 [22 976 2] 135 [5 776 166 48 5]
56 225 [30 966 4] 135 [2 426 450 103 19]
57 229 [12 982 6] 135 [0 28 805 116 51]
58 233 [14 977 9] 136 [6 754 175 62 3]
59 237 [8 984 8] 136 [6 406 464 102 22]
60 241 [2 982 16] 137 [26 815 121 37 1]
61 245 [2 966 32] 137 [5 722 198 73 2]
62 249 [2 962 36] 137 [1 557 342 80 20]
63 253 [1 965 34] 137 [0 61 789 119 31]
64 256 [0 987 13] 138 [22 760 160 58 0]
65 260 [0 977 23] 138 [8 761 167 63 1]
66 265 [960 40 0] 138 [2 544 348 93 13]
67 268 [0 940 60] 138 [0 2 90 750 121 36 1]
68 272 [0 764 236] 139 [16 803 131 48 2]
69 277 [692 308 0] 139 [5 753 175 59 8]
70 281 [704 296 0] 139 [3 583 289 98 27]
71 285 [681 319 0] 139 [2 149 726 86 37]
72 288 [0 686 314] 139 [0 23 803 127 47]
73 293 [402 598 0] 140 [15 711 202 67 5]
74 297 [197 803 0] 140 [5 738 177 71 9]
75 301 [89 911 0] 140 [7 463 411 95 24]
76 305 [35 965 0] 140 [1 93 738 122 46]
77 309 [12 988 0] 140 [0 1 21 791 135 50 2]
78 313 [5 995 0] 140 [0 1 9 727 191 64 8]
79 317 [2 998 0] 141 [4 755 166 61 14]
80 321 [85 915 0] 141 [3 579 313 81 24]
81 325 [52 948 0] 141 [2 203 628 124 43]
82 329 [17 983 0] 141 [0 59 776 120 45]
83 333 [9 991 0] 142 [14 805 121 57 3]
84 337 [1000] 142 [13 756 160 64 7]
85 341 [0 998 2] 142 [6 707 191 79 17]
86 345 [0 999 1] 142 [6 497 367 104 26]
87 349 [0 990 10] 142 [2 196 641 124 37]
88 353 [0 969 31] 142 [2 40 794 113 51]
89 358 [833 167 0] 143 [11 804 125 57 3]
90 362 [386 614 0] 143 [14 728 184 64 10]
91 366 [78 922 0] 143 [5 756 166 64 9]
92 370 [17 983 0] 143 [7 633 260 83 17]
93 374 [7 993 0] 143 [0 412 446 108 34]
94 378 [3 997 0] 143 [1 144 719 96 40]
95 382 [3 997 0] 143 [0 51 764 137 48]
96 386 [500 500 0] 144 [21 804 124 50 1]
97 390 [211 789 0] 144 [16 778 147 56 3]
98 394 [93 907 0] 144 [8 733 183 67 9]
99 398 [42 958 0] 144 [4 660 248 68 20]
100 402 [7 993 0] 144 [6 609 283 76 26]
101 406 [1000] 144 [3 373 477 106 41]
102 410 [1000] 144 [1 135 734 87 43]
103 414 [1000] 144 [1 49 800 108 42]
104 418 [1000] 145 [1 16 787 137 57 2 0]
105 422 [0 999 1] 144 [0 2 9 800 126 60 3]
106 426 [1000] 145 [2 780 157 52 9]
107 430 [1000] 145 [2 732 177 74 15]
108 434 [0 983 17] 145 [3 717 179 73 28]
109 438 [0 822 178] 145 [0 554 317 98 31]
110 443 [383 617 0] 145 [0 407 456 102 35]
111 447 [49 951 0] 146 [174 683 103 39 1]
112 450 [1000] 146 [84 714 149 53 0]
113 454 [0 998 2] 146 [36 786 129 48 1]
114 458 [0 988 12] 146 [17 791 133 58 1]
115 462 [0 843 157] 146 [15 750 155 75 5]
116 467 [159 841 0] 146 [10 758 152 64 16]
117 471 [46 954 0] 146 [13 693 207 74 13]
118 475 [19 981 0] 146 [6 697 180 92 25]
119 479 [1000] 146 [0 1 557 318 91 32 1]
120 483 [1000] 146 [5 328 534 96 37]
121 487 [1000] 146 [0 6 173 657 116 47 1]
122 491 [1000] 146 [0 2 55 778 118 44 3]
123 495 [1000] 147 [35 763 138 55 9]
124 499 [1000] 147 [24 772 149 50 5]
125 503 [1000] 147 [1 14 779 138 56 12 0]
126 507 [1000] 147 [15 729 168 65 23]
127 511 [0 979 21] 147 [6 764 159 52 19]
128 508 [0 999 1] 147 [1 8 770 158 51 12 0]
129 512 [0 971 29] 147 [7 714 194 65 20]
130 516 [0 682 318] 147 [5 707 195 68 25]
131 521 [169 831 0] 147 [2 617 261 86 34]
132 525 [1000] 147 [4 479 375 94 48]
133 529 [1000] 147 [2 287 572 98 41]
134 533 [1000] 147 [1 161 684 107 47]
135 537 [1000] 147 [0 2 82 733 118 63 2]
136 541 [1000] 148 [48 775 124 50 3]
137 545 [1000] 147 [0 1 29 758 145 62 5]
138 549 [1000] 147 [0 1 19 788 130 55 7]
139 553 [1000] 148 [11 784 146 46 13]
140 557 [0 992 8] 148 [16 725 173 67 19]
141 561 [0 996 4] 148 [9 730 180 58 23]
142 565 [0 965 35] 148 [8 706 193 68 25]
143 569 [0 852 148] 148 [8 695 174 91 32]
144 573 [1000] 148 [6 633 230 100 31]
145 577 [1000] 148 [6 451 407 96 40]
146 581 [1000] 148 [1 296 536 116 51]
147 585 [1000] 149 [1 146 696 116 40 1 0]
148 589 [0 986 14] 149 [3 66 769 113 48 1 0]
149 593 [0 994 6] 149 [49 740 151 55 5]
150 597 [0 869 131] 148 [0 2 12 781 142 55 8]
151 601 [0 467 533] 149 [12 795 132 51 10]
152 606 [126 874 0] 149 [10 772 144 62 12]
153 610 [193 807 0] 149 [11 770 144 54 21]
154 614 [91 909 0] 149 [5 720 185 68 22]
155 618 [60 940 0] 149 [4 756 156 64 20]
156 622 [4 996 0] 149 [3 727 176 71 23]
157 626 [8 992 0] 149 [3 627 232 104 34]
158 630 [1 999 0] 149 [1 533 333 95 38]
159 634 [1000] 149 [3 366 492 91 48]
160 638 [22 978 0] 149 [3 324 511 115 47]
161 642 [55 945 0] 149 [2 213 626 112 47]
162 646 [8 992 0] 150 [110 729 113 46 2]
163 650 [2 998 0] 149 [0 1 72 730 130 66 1]
164 654 [1000] 150 [38 783 114 60 5]
165 658 [1000] 150 [25 784 132 56 3]
166 662 [1000] 150 [18 776 137 61 8]
167 666 [0 999 1] 150 [12 771 135 72 10]
168 670 [0 998 2] 150 [6 773 146 59 16]
169 674 [1 997 2] 150 [9 753 150 72 16]
170 679 [990 10 0] 150 [5 751 146 78 20]
171 682 [0 982 18] 150 [4 616 255 99 26]
172 687 [710 290 0] 150 [0 5 694 185 86 29 1]
173 690 [0 774 226] 150 [6 646 218 96 34]
174 695 [406 594 0] 150 [4 537 307 108 44]
175 699 [168 832 0] 150 [5 364 493 104 34]
176 703 [962 38 0] 150 [5 258 587 106 44]
177 706 [0 957 43] 150 [0 2 183 632 120 62 1]
178 710 [0 858 142] 150 [0 3 89 744 116 44 4]
179 714 [0 587 413] 150 [0 1 69 772 110 47 1]
180 719 [62 938 0] 150 [0 2 42 757 142 53 4]
181 723 [60 940 0] 151 [30 782 134 50 4]
182 727 [33 967 0] 151 [19 792 134 48 7]
183 731 [13 987 0] 151 [16 771 142 57 14]
184 735 [7 993 0] 151 [11 778 142 58 11]
185 739 [10 989 1] 151 [9 748 167 55 21]
186 743 [8 992 0] 151 [10 723 184 60 23]
187 747 [1 993 6] 151 [6 776 140 53 25]
188 751 [1 993 6] 151 [7 727 159 82 25]
189 755 [0 988 12] 151 [2 737 162 70 29]
190 759 [0 990 10] 151 [3 703 187 78 29]
191 763 [0 976 24] 151 [4 650 210 99 37]
192 766 [0 954 46] 151 [4 547 329 87 33]
193 770 [0 969 31] 151 [2 466 391 103 38]
194 774 [0 950 50] 151 [4 360 464 112 60]
195 778 [0 942 58] 152 [265 586 94 52 3]
196 783 [556 444 0] 151 [0 2 183 657 111 46 1]
197 786 [0 672 328] 151 [0 1 125 698 120 53 3]
198 790 [0 546 454] 151 [0 2 71 760 107 56 4]
199 795 [428 572 0] 151 [0 1 61 767 111 58 2]
200 799 [259 741 0] 151 [0 1 48 742 142 63 4]
201 803 [288 712 0] 152 [32 768 131 62 7]
202 807 [124 876 0] 152 [24 760 143 55 18]
203 811 [54 945 1] 152 [17 764 134 72 13]
204 815 [12 986 2] 152 [14 789 131 53 13]
205 819 [13 976 11] 152 [12 743 156 67 22]
206 823 [4 984 12] 152 [12 774 133 63 18]
207 827 [3 977 20] 152 [12 757 143 61 27]
208 831 [113 887 0] 152 [5 741 157 69 28]
209 835 [153 847 0] 152 [8 710 184 70 28]
210 839 [61 939 0] 152 [7 703 174 77 39]
211 843 [51 941 8] 152 [8 689 172 89 42]
212 847 [7 986 7] 152 [6 662 218 80 34]
213 851 [13 965 22] 152 [1 548 329 88 34]
214 855 [10 974 16] 153 [1 500 330 120 48 1 0]
215 859 [6 962 32] 152 [0 5 381 487 87 38 2]
216 863 [2 977 21] 152 [0 4 290 558 105 42 1]
217 867 [8 951 41] 152 [2 215 605 128 50]
218 871 [2 954 44] 152 [0 105 756 103 36]
219 875 [4 942 54] 152 [0 2 87 705 134 67 5]
220 879 [2 868 130] 153 [3 53 778 110 52 4 0]
221 883 [1 908 91] 153 [37 793 113 50 7]
222 887 [0 1 805 193 1] 152 [0 1 30 767 135 57 10]
223 891 [0 2 774 223 1] 152 [0 1 19 788 127 57 8]
224 895 [5 949 46] 153 [17 789 129 53 12]
225 899 [8 926 66] 153 [16 766 149 52 17]
226 903 [2 849 149] 153 [8 771 143 63 15]
227 907 [0 2 715 281 2] 153 [8 747 162 58 25]
228 912 [278 714 8] 152 [0 1 5 750 150 72 22]
229 916 [314 682 4] 153 [9 760 159 52 20]
230 920 [161 828 11] 153 [5 756 151 60 28]
231 924 [97 890 13] 153 [2 729 160 80 29]
232 928 [51 936 13] 153 [2 739 165 71 23]
233 932 [95 890 15] 153 [5 707 167 89 32]
234 936 [51 933 16] 153 [3 697 192 76 32]
235 940 [48 924 28] 153 [3 608 263 88 38]
236 944 [13 953 34] 153 [1 582 276 96 45]
237 948 [11 948 41] 153 [1 564 321 84 30]
238 952 [1 943 56] 153 [2 457 413 96 32]
239 956 [3 914 83] 153 [1 409 421 123 46]
240 960 [15 962 23] 153 [2 282 560 112 44]
241 964 [55 926 19] 153 [0 236 616 105 43]
242 968 [1 31 934 34 0] 153 [0 1 178 654 113 53 1]
243 972 [20 937 43] 154 [116 707 127 48 2]
244 976 [2 934 64] 154 [66 761 124 48 1]
245 980 [11 916 73] 154 [61 749 113 70 7]
246 985 [917 82 1] 154 [48 780 125 44 3]
247 988 [4 894 102] 154 [32 775 136 51 6]
248 992 [0 891 109] 154 [32 768 133 57 10]
249 996 [0 5 901 93 1] 154 [27 777 136 54 6]
250 1001 [4 857 137 2 0] 154 [20 762 148 62 8]
251 1004 [2 855 143] 154 [19 782 138 48 13]
252 1008 [0 1 774 222 3] 154 [11 735 179 61 14]
253 1012 [0 3 753 240 4] 154 [11 744 160 63 22]
254 1017 [690 305 5] 154 [7 774 146 59 14]
255 1021 [1 572 422 5 0] 154 [11 774 133 66 16]
# FINISHED
