0 0 [1000] 0 [1000]
1 2 [1 328 671] 3 [291 709 0]
2 6 [1 246 753] 7 [209 791 0]
3 11 [189 809 2] 10 [1 182 817]
4 14 [0 60 940] 14 [0 48 952]
5 19 [74 925 1] 19 [68 932 0]
6 23 [1 52 946 1 0] 23 [1 37 961 1 0]
7 27 [19 981 0] 27 [18 981 1]
8 31 [16 980 4] 31 [21 979 0]
9 35 [15 977 8] 35 [11 980 9]
10 39 [13 980 7] 39 [11 980 9]
11 43 [7 971 22] 43 [5 972 23]
12 47 [5 905 90] 47 [6 899 95]
13 51 [2 900 98] 51 [1 858 141]
14 55 [2 746 252] 55 [1 707 292]
15 59 [3 605 392] 59 [4 554 442]
16 63 [3 993 4] 63 [7 987 6]
17 67 [5 968 27] 67 [3 955 42]
18 71 [6 871 123] 71 [6 859 135]
19 76 [698 302 0] 75 [3 668 329]
20 80 [163 837 0] 80 [1 120 878 1 0]
21 84 [1 91 907 1 0] 84 [80 918 2]
22 88 [21 976 3] 88 [22 976 2]
23 92 [17 979 4] 92 [17 974 9]
24 96 [2 997 1] 96 [4 992 4]
25 100 [8 984 8] 100 [9 987 4]
26 103 [0 1 8 982 9] 104 [6 985 9]
27 108 [7 990 3] 108 [5 991 4]
28 112 [1 982 17] 112 [0 977 23]
29 116 [2 916 82] 116 [1 913 86]
30 120 [0 802 198] 120 [1 773 226]
31 124 [0 494 506] 125 [450 550 0]
32 128 [0 977 23] 128 [0 970 30]
33 132 [0 948 52] 132 [2 946 52]
34 136 [1 940 59] 136 [0 936 64]
35 140 [0 883 117] 140 [0 881 119]
36 145 [717 283 0] 144 [0 680 320]
37 149 [445 555 0] 149 [414 586 0]
38 152 [0 274 726] 153 [251 749 0]
39 157 [125 875 0] 157 [122 878 0]
40 160 [0 104 896] 161 [84 916 0]
41 165 [30 970 0] 165 [33 966 1]
42 169 [10 990 0] 169 [8 992 0]
43 173 [2 998 0] 173 [3 997 0]
44 177 [2 998 0] 177 [1000]
45 181 [5 990 5] 181 [7 987 6]
46 185 [5 993 2] 185 [3 992 5]
47 189 [3 993 4] 189 [2 992 6]
48 193 [30 970 0] 193 [29 971 0]
49 197 [26 974 0] 197 [25 975 0]
50 201 [22 978 0] 201 [20 980 0]
51 205 [18 982 0] 205 [15 985 0]
52 209 [7 992 1] 209 [6 993 1]
53 213 [4 994 2] 213 [6 993 1]
54 217 [4 994 2] 217 [3 993 4]
55 221 [4 991 5] 221 [1 994 5]
56 225 [3 992 5] 225 [1 992 7]
57 229 [3 993 4] 229 [2 990 8]
58 233 [2 993 5] 233 [0 994 6]
59 237 [1 985 14] 237 [0 984 16]
60 241 [0 960 40] 241 [1 960 39]
61 245 [0 918 82] 245 [1 902 97]
62 249 [0 915 85] 249 [0 893 107]
63 253 [0 900 100] 253 [0 886 114]
64 256 [0 999 1] 256 [0 997 3]
65 260 [1 990 9] 260 [0 992 8]
66 264 [0 997 3] 264 [0 994 6]
67 268 [0 989 11] 268 [0 989 11]
68 272 [0 903 97] 272 [0 892 108]
69 276 [0 868 132] 276 [0 875 125]
70 281 [887 113 0] 280 [0 902 98]
71 284 [0 890 110] 284 [0 911 89]
72 288 [0 877 123] 288 [0 887 113]
73 293 [672 328 0] 292 [0 686 314]
74 297 [502 498 0] 297 [568 432 0]
75 301 [249 751 0] 300 [0 374 626]
76 305 [22 978 0] 305 [35 965 0]
77 309 [6 994 0] 309 [10 990 0]
78 313 [3 997 0] 313 [11 989 0]
79 317 [1000] 317 [4 996 0]
80 321 [11 989 0] 320 [0 375 625]
81 325 [7 993 0] 324 [0 497 503]
82 329 [3 997 0] 329 [807 193 0]
83 333 [1000] 332 [0 879 121]
84 337 [1000] 336 [0 990 10]
85 341 [0 995 5] 340 [46 953 1]
86 345 [0 994 6] 343 [0 729 271]
87 349 [0 978 22] 347 [745 239 16]
88 353 [0 895 105] 350 [666 279 55]
89 357 [0 283 717] 352 [0 5 672 271 52]
90 362 [58 942 0] 355 [1 671 183 129 16]
91 366 [12 988 0] 358 [694 150 89 62 5]
92 370 [1000] 360 [404 278 124 170 24]
93 374 [1000] 362 [2 717 118 65 85 13 0]
94 378 [1000] 364 [86 562 94 151 98 9 0]
95 382 [1000] 365 [14 524 148 82 187 37 8]
96 385 [0 851 149] 366 [4 682 88 59 109 40 18]
97 390 [494 506 0] 367 [1 549 266 76 59 47 2]
98 393 [0 370 630] 368 [0 7 372 258 103 82 149 22 7]
99 398 [144 856 0] 369 [0 1 517 278 55 42 87 15 5]
100 402 [2 998 0] 371 [186 377 120 112 184 21 0]
101 406 [1 999 0] 372 [440 207 89 80 142 30 12]
102 410 [1000] 372 [0 19 663 109 64 62 65 13 5]
103 414 [1000] 373 [1 56 450 124 88 145 104 21 11]
104 418 [1000] 374 [7 359 501 41 21 33 26 9 3]
105 422 [1000] 375 [15 614 107 74 42 106 32 10 0]
106 426 [1000] 375 [0 26 529 111 64 96 141 20 13]
107 430 [1000] 376 [1 190 440 82 45 136 83 12 11]
108 434 [0 998 2] 376 [0 11 666 101 69 40 72 32 9]
109 438 [0 962 38] 377 [0 42 529 84 78 101 131 18 17]
110 442 [0 859 141] 377 [0 2 274 446 85 60 75 43 15]
111 446 [0 300 700] 378 [0 2 40 682 85 50 38 59 34 9 1]
112 450 [0 997 3] 379 [10 274 315 106 38 151 81 20 5]
113 454 [0 985 15] 379 [0 21 578 86 60 61 146 28 20]
114 458 [0 923 77] 380 [2 344 407 67 44 67 49 11 9]
115 462 [0 466 534] 381 [32 518 101 72 63 152 41 20 1]
116 467 [8 992 0] 381 [6 381 228 90 50 123 96 15 11]
117 471 [3 997 0] 381 [0 16 822 75 49 14 12 9 3]
118 475 [1 999 0] 382 [16 419 179 71 50 121 109 22 13]
119 479 [1000] 382 [0 26 561 96 67 55 137 38 20]
120 483 [1000] 383 [8 670 90 60 36 83 42 5 6]
121 487 [1000] 383 [1 92 498 66 79 92 132 21 19]
122 491 [1000] 384 [13 518 106 93 42 139 67 16 6]
123 495 [1000] 384 [3 189 509 94 60 61 60 15 9]
124 499 [1000] 384 [0 1 50 667 92 50 30 59 40 7 4]
125 503 [0 998 2] 385 [5 453 181 85 41 122 88 13 12]
126 507 [0 997 3] 385 [1 66 643 90 58 38 68 25 11]
127 511 [0 935 65] 386 [15 419 199 77 38 155 67 15 15]
128 508 [0 989 11] 385 [0 43 508 111 74 67 135 42 20]
129 512 [0 888 112] 386 [12 641 104 64 30 74 51 13 11]
130 516 [0 555 445] 386 [2 240 530 67 44 42 59 16 0]
131 521 [115 885 0] 386 [0 1 46 502 110 72 49 129 70 16 5]
132 525 [1000] 387 [7 649 112 60 31 63 52 14 12]
133 529 [1 999 0] 387 [3 219 403 64 67 69 135 30 10]
134 533 [1000] 388 [31 495 115 81 39 146 67 19 7]
135 537 [1000] 388 [2 517 186 71 40 68 82 17 17]
136 541 [1000] 388 [0 1 74 531 95 79 53 110 44 12 1]
137 545 [1000] 388 [0 1 27 674 106 46 29 54 49 7 7]
138 549 [1000] 389 [3 570 165 60 47 56 66 15 18]
139 553 [1000] 390 [1 89 542 81 59 45 131 41 9 2 0]
140 557 [0 961 39] 390 [24 480 134 73 41 144 73 14 17]
141 561 [0 986 14] 390 [5 519 172 68 41 67 97 15 16]
142 565 [0 969 31] 390 [1 72 587 97 58 38 99 36 12]
143 569 [0 888 112] 391 [17 570 161 82 33 64 52 14 7]
144 573 [0 999 1] 391 [0 16 532 202 58 38 47 58 32 16 1]
145 577 [1000] 392 [110 520 74 62 52 126 43 9 4]
146 581 [1000] 392 [34 493 117 76 41 141 72 15 11]
147 585 [0 999 1] 392 [6 538 141 69 42 81 91 13 19]
148 590 [461 539 0] 393 [5 230 480 61 47 48 95 22 10 2 0]
149 594 [481 519 0] 393 [46 400 157 97 54 142 73 24 7]
150 598 [233 767 0] 393 [1 744 129 35 22 25 30 5 9]
151 602 [60 940 0] 394 [14 374 284 80 60 49 79 50 9 1 0]
152 606 [8 992 0] 393 [0 2 51 456 148 63 62 133 60 17 8]
153 610 [8 992 0] 394 [15 568 96 68 32 103 90 13 15]
154 614 [3 997 0] 394 [10 590 132 78 53 39 77 10 11]
155 618 [1 999 0] 394 [0 2 132 441 89 67 58 135 54 14 8]
156 622 [1000] 395 [31 618 111 71 37 72 42 12 6]
157 626 [1000] 395 [27 631 122 54 40 43 49 24 10]
158 630 [1000] 395 [0 4 246 329 92 64 64 143 37 18 3]
159 634 [0 999 1] 396 [25 561 94 65 38 127 65 16 9]
160 638 [11 989 0] 396 [38 634 93 61 37 71 49 10 7]
161 642 [20 980 0] 396 [0 6 444 137 96 63 80 136 19 18 1]
162 646 [16 984 0] 396 [0 1 144 436 90 71 57 130 49 17 5]
163 650 [3 997 0] 396 [0 22 827 68 36 21 13 3 10]
164 654 [1000] 397 [32 489 107 70 44 109 116 17 16]
165 658 [1000] 397 [3 429 205 68 56 64 128 27 20]
166 662 [1000] 397 [0 1 121 589 65 61 33 72 44 6 8]
167 666 [1000] 398 [45 513 103 58 31 139 84 12 15]
168 670 [1000] 398 [19 460 131 101 47 101 113 14 14]
169 674 [1000] 399 [3 288 403 79 67 51 72 26 9 2 0]
170 678 [0 997 3] 398 [0 8 118 613 73 46 27 57 46 6 6]
171 682 [0 996 4] 399 [17 559 97 62 37 131 72 13 12]
172 687 [600 400 0] 399 [15 657 99 52 43 53 62 9 10]
173 691 [673 327 0] 400 [8 429 170 67 71 73 124 37 17 4 0]
174 695 [438 562 0] 399 [0 3 60 468 116 82 51 142 55 15 8]
175 698 [0 185 815] 400 [18 664 71 57 32 79 54 12 13]
176 702 [0 708 292] 400 [14 631 149 83 36 25 52 10 0]
177 707 [664 336 0] 400 [0 12 299 269 96 73 50 133 48 19 1]
178 710 [0 404 596] 401 [52 659 78 53 32 71 36 10 9]
179 715 [150 850 0] 401 [35 546 86 71 41 114 89 11 7]
180 719 [4 996 0] 401 [24 460 122 98 43 103 114 18 18]
181 723 [6 994 0] 401 [0 2 325 345 86 56 56 93 18 16 3]
182 727 [3 997 0] 402 [65 471 135 82 61 113 53 13 7]
183 731 [2 997 1] 402 [15 553 214 71 23 63 48 6 7]
184 735 [0 997 3] 402 [12 608 133 74 32 66 53 14 8]
185 739 [0 997 3] 402 [0 8 459 135 69 73 72 122 40 14 8]
186 743 [1 998 1] 402 [0 3 92 490 80 70 54 131 58 10 12]
187 747 [1 995 4] 403 [25 673 84 47 28 66 49 13 15]
188 751 [0 963 37] 403 [25 564 84 70 35 85 112 16 9]
189 755 [0 976 24] 403 [7 313 396 80 48 63 68 17 8]
190 759 [0 966 34] 403 [0 11 360 383 67 42 25 59 39 7 7]
191 763 [0 958 42] 404 [69 504 90 63 38 133 75 13 15]
192 766 [0 976 24] 404 [30 509 114 75 33 126 83 14 16]
193 770 [0 991 9] 404 [0 14 658 81 63 37 53 61 14 18 1]
194 774 [0 986 14] 405 [8 502 150 54 57 49 130 38 9 3 0]
195 778 [1 975 24] 404 [0 4 75 436 110 86 55 136 69 16 13]
196 782 [0 527 473] 404 [43 865 43 21 17 9 2]
197 787 [677 323 0] 406 [41 518 76 70 43 102 95 38 15 2 0]
198 791 [672 328 0] 405 [0 10 427 161 82 58 79 129 33 19 2]
199 795 [563 437 0] 405 [0 1 274 446 61 51 31 80 33 15 8]
200 799 [240 760 0] 406 [4 62 581 74 45 36 105 78 8 7 0]
201 803 [248 752 0] 406 [31 504 102 79 31 109 115 15 14]
202 807 [175 825 0] 406 [0 5 448 248 97 51 56 63 21 8 3]
203 811 [74 926 0] 406 [0 12 454 289 61 46 30 52 42 7 7]
204 815 [7 990 3] 406 [0 2 75 469 107 71 41 134 73 17 11]
205 819 [5 991 4] 407 [25 632 79 56 29 86 67 10 16]
206 823 [3 994 3] 407 [31 558 101 82 43 68 87 20 10]
207 827 [3 991 6] 407 [0 9 399 195 68 62 70 131 43 17 6]
208 831 [17 983 0] 407 [0 2 195 423 69 57 49 132 51 15 7]
209 835 [17 982 1] 407 [1 46 791 50 62 24 12 9 5]
210 839 [22 976 2] 407 [0 2 47 457 130 73 43 102 101 29 16]
211 843 [9 989 2] 408 [0 12 537 132 61 47 63 110 18 18 2]
212 847 [1 985 14] 409 [4 351 324 103 45 43 89 31 9 1 0]
213 851 [1 978 21] 408 [0 4 89 467 99 73 35 136 70 20 7]
214 855 [2 977 21] 409 [33 536 94 67 39 119 84 14 14]
215 859 [3 957 40] 409 [17 580 129 90 39 58 61 17 9]
216 864 [855 145 0] 409 [0 33 577 171 51 37 38 50 31 5 7]
217 867 [0 940 60] 409 [0 2 310 311 69 56 50 126 54 13 9]
218 871 [0 926 74] 409 [0 1 82 635 73 63 21 70 39 9 7]
219 875 [0 930 70] 410 [33 514 88 74 38 112 98 24 19]
220 880 [550 449 1] 410 [0 19 485 119 88 46 93 114 17 18 1]
221 883 [1 640 359] 411 [3 500 240 56 47 29 69 32 17 7 0]
222 887 [0 566 434] 410 [3 197 546 66 50 20 81 32 5]
223 891 [0 2 491 506 1] 410 [0 10 51 515 91 61 38 109 97 14 14]
224 895 [2 976 22] 411 [31 659 84 58 35 64 48 12 9]
225 899 [2 958 40] 412 [23 508 86 73 51 82 128 28 16 5 0]
226 903 [2 913 85] 411 [0 8 336 246 79 67 60 136 42 16 10]
227 907 [0 846 154] 412 [116 577 73 52 27 82 48 11 14]
228 912 [285 715 0] 412 [4 59 493 113 91 34 105 74 20 7 0]
229 916 [270 730 0] 412 [2 28 637 130 53 29 45 43 23 6 4]
230 920 [215 782 3] 412 [0 5 621 127 55 43 40 63 22 18 6]
231 924 [148 849 3] 412 [0 7 377 251 66 55 40 132 60 7 5]
232 928 [56 940 4] 412 [0 2 131 430 94 72 43 133 68 15 12]
233 932 [59 934 7] 413 [42 609 81 51 34 88 67 12 16]
234 936 [65 932 3] 413 [28 596 98 69 33 65 86 16 9]
235 940 [29 963 8] 413 [0 7 402 316 73 43 47 77 25 7 3]
236 944 [9 976 15] 413 [0 15 387 316 80 45 27 63 46 9 12]
237 948 [10 970 20] 414 [6 102 474 109 64 34 120 76 8 7 0]
238 952 [5 967 28] 414 [47 490 110 67 38 118 99 17 14]
239 956 [3 961 36] 414 [0 16 610 70 66 36 73 97 14 16 2]
240 960 [7 986 7] 414 [20 624 85 61 33 65 85 18 9]
241 964 [13 964 23] 414 [0 9 296 223 97 95 61 143 52 16 8]
242 968 [7 976 17] 415 [159 698 39 29 15 24 23 5 8]
243 972 [3 966 31] 414 [0 1 55 586 90 59 30 90 52 29 8]
244 976 [0 870 130] 415 [0 20 479 131 61 43 109 115 23 14 5]
245 980 [0 1 842 156 1] 415 [0 8 500 167 56 53 63 111 22 14 6]
246 984 [0 863 137] 416 [5 357 339 90 57 23 82 34 8 5 0]
247 988 [0 1 785 213 1] 415 [0 2 73 500 89 52 40 151 66 13 14]
248 993 [649 351 0] 416 [50 601 108 78 32 65 48 10 8]
249 996 [0 2 687 310 1] 416 [2 35 686 68 54 27 53 40 25 9 1]
250 1000 [3 765 232] 416 [0 18 447 138 86 56 80 128 28 16 3]
251 1004 [0 733 267] 416 [0 3 357 266 66 59 53 125 48 15 8]
252 1009 [468 532 0] 416 [0 4 174 546 73 58 25 69 37 7 7]
253 1012 [0 1 420 577 2] 417 [0 44 513 78 80 41 132 80 16 13 3]
254 1017 [449 548 3] 417 [1 20 429 164 90 57 106 97 16 19 1]
255 1020 [0 356 644] 417 [8 681 216 47 18 12 6 8 4]
# FINISHED
