# [infrared LED]
0 0 [1000] 0 [1000]
1 2 [0 5 311 681 3] 3 [4 284 711 1 0]
2 6 [3 233 764] 7 [5 217 777 1 0]
3 10 [0 3 197 797 3] 10 [0 2 167 829 2]
4 14 [0 4 81 913 2] 14 [1 75 924]
5 18 [0 2 91 904 3] 19 [4 98 891 7 0]
6 23 [1 58 933 8 0] 23 [1 57 938 4 0]
7 27 [49 934 17] 27 [46 938 16]
8 31 [45 950 5] 31 [46 949 5]
9 35 [0 36 940 23 1] 35 [0 43 939 17 1]
10 39 [30 946 24] 39 [30 939 31]
11 43 [26 903 71] 43 [22 903 75]
12 47 [0 13 792 193 2] 47 [18 773 209]
13 52 [15 744 240 1 0] 51 [0 12 709 276 3]
14 56 [12 617 369 2 0] 56 [8 575 414 3 0]
15 60 [10 461 528 1 0] 59 [0 11 441 546 2]
16 63 [33 965 2] 63 [30 966 4]
17 67 [33 936 31] 67 [29 941 30]
18 71 [15 923 62] 71 [22 912 66]
19 75 [12 841 147] 75 [16 808 176]
20 79 [4 467 529] 80 [7 437 555 1 0]
21 84 [3 345 648 4 0] 84 [3 297 698 2 0]
22 88 [2 139 858 1 0] 88 [2 133 862 3 0]
23 92 [2 60 931 7 0] 92 [2 64 928 6 0]
24 96 [35 961 4] 96 [34 959 7]
25 100 [43 947 10] 100 [46 940 14]
26 104 [32 956 12] 104 [32 955 13]
27 108 [28 958 14] 108 [33 948 19]
28 112 [7 966 27] 112 [9 960 31]
29 116 [12 937 51] 116 [16 937 47]
30 120 [5 870 125] 120 [4 855 141]
31 124 [1 715 284] 124 [2 694 304]
32 128 [0 939 61] 128 [0 928 72]
33 132 [6 863 131] 132 [5 857 138]
34 136 [1 821 178] 136 [1 825 174]
35 140 [1 742 257] 140 [4 732 264]
36 144 [0 526 474] 144 [0 592 408]
37 149 [305 695 0] 148 [0 403 597]
38 153 [196 804 0] 153 [326 674 0]
39 156 [0 100 900] 156 [1 282 717]
40 161 [116 883 1] 160 [0 412 588]
41 165 [69 928 3] 165 [441 559 0]
42 169 [35 961 4] 168 [0 708 292]
43 173 [27 962 11] 172 [2 930 68]
44 177 [28 959 13] 176 [8 980 12]
45 181 [13 972 15] 179 [3 819 178]
46 185 [10 967 23] 183 [210 787 3]
47 189 [8 961 31] 186 [1 212 767 20 0]
48 193 [90 910 0] 188 [9 880 111]
49 197 [80 920 0] 190 [0 2 635 323 40]
50 201 [72 928 0] 193 [340 600 60]
51 205 [68 932 0] 195 [0 408 516 74 2]
52 209 [43 956 1] 197 [4 723 200 70 3]
53 213 [34 965 1] 198 [0 20 811 130 39]
54 217 [23 973 4] 200 [3 753 166 66 12]
55 221 [19 976 5] 201 [1 479 375 113 32]
56 225 [17 979 4] 202 [2 154 691 107 46]
57 229 [16 982 2] 204 [163 676 114 46 1]
58 233 [7 985 8] 204 [0 2 279 544 121 53 1]
59 237 [2 984 14] 205 [2 522 332 99 45]
60 241 [2 973 25] 206 [7 706 146 92 49]
61 245 [3 955 42] 207 [15 780 131 50 24]
62 249 [1 963 36] 208 [2 99 739 110 43 7 0]
63 253 [1 945 54] 208 [0 2 674 156 105 62 1]
64 256 [0 985 15] 209 [3 77 746 114 40 20 0]
65 260 [0 973 27] 210 [2 746 125 80 46 1 0]
66 265 [943 57 0] 210 [42 739 119 69 31]
67 268 [0 921 79] 210 [0 2 655 208 89 39 7]
68 273 [595 405 0] 211 [22 785 121 29 43]
69 277 [541 459 0] 212 [5 659 166 114 49 7 0]
70 281 [535 465 0] 212 [62 755 106 42 35]
71 285 [503 497 0] 212 [0 6 727 137 82 43 5]
72 289 [500 500 0] 212 [0 2 209 568 141 50 30]
73 293 [250 750 0] 213 [16 767 114 61 42]
74 297 [127 873 0] 213 [0 3 632 183 113 55 14]
75 301 [66 934 0] 214 [1 93 720 111 40 33 2]
76 305 [20 980 0] 214 [0 14 741 112 87 42 4]
77 309 [8 992 0] 214 [0 4 609 210 103 48 26]
78 313 [4 993 3] 215 [97 712 106 51 34]
79 317 [0 998 2] 215 [1 14 760 102 69 51 3]
80 321 [53 947 0] 215 [0 5 698 128 106 49 14]
81 325 [27 973 0] 216 [333 499 89 47 32]
82 329 [13 987 0] 216 [53 712 131 66 38]
83 333 [7 993 0] 216 [0 11 728 111 91 50 9]
84 337 [1000] 216 [0 7 661 173 96 42 21]
85 341 [0 999 1] 216 [0 5 185 597 124 49 40]
86 345 [0 990 10] 217 [1 30 765 92 60 50 2]
87 349 [0 975 25] 218 [9 760 107 81 36 7 0]
88 353 [0 922 78] 217 [0 4 650 163 116 42 25]
89 358 [590 410 0] 217 [0 2 357 459 114 35 33]
90 362 [156 844 0] 218 [0 69 735 112 38 45 1]
91 366 [36 964 0] 218 [0 19 734 110 83 48 6]
92 370 [9 991 0] 218 [0 7 706 132 101 37 17]
93 374 [3 997 0] 218 [0 4 538 290 106 34 28]
94 378 [2 998 0] 218 [0 3 153 649 114 35 46]
95 382 [1 999 0] 219 [4 41 750 109 47 46 3]
96 386 [263 737 0] 219 [1 18 744 118 67 40 12]
97 390 [91 909 0] 219 [0 8 703 117 110 34 28]
98 394 [43 957 0] 219 [0 4 619 211 106 33 27]
99 397 [0 21 979] 219 [0 4 332 459 126 37 42]
100 402 [2 998 0] 220 [0 109 688 108 50 43 2]
101 406 [1000] 220 [0 33 752 108 67 34 6]
102 410 [1000] 221 [12 713 110 88 58 19 0]
103 414 [1000] 220 [0 7 714 129 95 34 21]
104 418 [1000] 220 [0 7 594 244 90 35 30]
105 422 [1000] 221 [4 257 528 121 41 48 1]
106 426 [1000] 221 [2 87 725 87 55 43 1]
107 430 [0 999 1] 221 [1 34 759 103 59 40 4]
108 434 [0 925 75] 221 [0 19 726 107 89 49 10]
109 439 [563 437 0] 221 [0 12 721 106 105 36 20]
110 443 [148 852 0] 221 [0 4 663 171 103 35 24]
111 447 [13 987 0] 221 [0 3 463 343 118 28 45]
112 450 [1000] 221 [0 2 288 519 109 46 36]
113 454 [0 994 6] 222 [0 116 662 126 42 50 4]
114 458 [0 940 60] 222 [0 63 736 84 68 47 2]
115 463 [548 452 0] 222 [1 21 751 91 84 40 12]
116 467 [42 958 0] 222 [0 13 714 108 97 46 22]
117 471 [9 991 0] 223 [6 711 133 102 26 22 0]
118 475 [3 997 0] 222 [0 1 585 258 101 33 22]
119 479 [1000] 223 [1 309 487 117 41 44 1]
120 483 [1000] 223 [115 691 97 57 40]
121 487 [1000] 223 [0 57 728 101 66 46 2]
122 491 [1000] 223 [1 31 722 115 79 44 8]
123 495 [1000] 223 [0 21 737 106 88 36 12]
124 499 [1000] 223 [0 8 725 120 95 37 15]
125 503 [0 998 2] 223 [0 6 682 138 106 39 29]
126 507 [0 992 8] 223 [0 3 580 238 113 36 30]
127 511 [0 887 113] 223 [0 4 370 430 115 38 43]
128 508 [0 999 1] 223 [0 1 531 303 96 38 31]
129 512 [0 996 4] 224 [3 348 477 105 34 33 0]
130 516 [0 887 113] 224 [3 169 599 136 42 51 0]
131 521 [358 642 0] 224 [1 67 719 108 60 43 2]
132 525 [3 997 0] 224 [0 31 761 108 52 43 5]
133 529 [2 998 0] 224 [1 24 736 96 79 50 14]
134 533 [2 998 0] 224 [0 14 743 105 81 43 14]
135 537 [1000] 224 [0 9 726 115 87 39 24]
136 541 [1000] 224 [0 8 676 146 98 44 28]
137 545 [1000] 224 [0 4 562 264 99 38 33]
138 549 [1000] 224 [0 3 453 372 100 37 35]
139 553 [1000] 224 [0 4 219 581 99 48 49]
140 557 [0 994 6] 225 [2 99 698 117 41 41 2]
141 561 [0 999 1] 225 [1 56 709 114 65 49 6]
142 565 [0 988 12] 225 [1 25 777 76 70 39 12]
143 569 [0 937 63] 225 [0 17 738 100 84 43 18]
144 573 [1000] 225 [0 10 696 137 98 37 22]
145 577 [1000] 225 [0 5 708 125 106 32 24]
146 581 [1000] 225 [0 2 678 160 104 26 30]
147 585 [1000] 226 [2 644 175 105 38 35 1]
148 589 [0 996 4] 226 [0 430 399 92 44 34 1]
149 593 [0 998 2] 225 [0 1 391 421 102 41 44]
150 597 [0 942 58] 226 [0 231 554 104 58 46 7]
151 601 [0 634 366] 226 [1 124 653 98 76 44 4]
152 606 [220 780 0] 226 [0 79 676 111 78 47 9]
153 610 [302 698 0] 226 [0 40 752 82 76 36 14]
154 614 [169 831 0] 226 [0 20 762 82 93 33 10]
155 618 [97 903 0] 226 [0 15 714 91 111 38 31]
156 622 [5 995 0] 226 [0 14 733 99 100 27 27]
157 626 [13 987 0] 226 [0 6 720 127 83 41 23]
158 630 [2 998 0] 227 [4 694 123 112 34 31 2]
159 634 [1 999 0] 227 [5 561 260 100 35 38 1]
160 638 [53 947 0] 227 [3 439 370 113 32 40 3]
161 642 [96 904 0] 227 [3 286 518 103 40 48 2]
162 646 [30 970 0] 227 [1 110 690 100 55 39 5]
163 650 [12 988 0] 227 [0 79 718 105 49 38 11]
164 654 [1000] 227 [1 69 710 90 71 46 13]
165 658 [1 999 0] 227 [0 29 738 100 85 31 17]
166 662 [1000] 227 [0 14 713 113 94 45 21]
167 666 [0 999 1] 227 [0 14 756 82 93 34 21]
168 670 [0 999 1] 228 [12 726 112 95 25 30 0]
169 674 [1000] 227 [0 8 700 105 93 50 44]
170 678 [0 996 4] 227 [0 7 653 179 107 27 27]
171 682 [0 982 18] 228 [4 524 289 91 50 40 2]
172 686 [0 782 218] 228 [2 487 312 106 40 51 2]
173 691 [832 168 0] 228 [3 302 524 74 52 40 5]
174 694 [0 521 479] 228 [1 164 646 94 46 47 2]
175 699 [263 737 0] 228 [3 134 643 89 69 52 10]
176 702 [1 977 22] 228 [1 72 745 96 47 30 9]
177 706 [0 959 41] 228 [1 68 689 107 87 36 12]
178 710 [0 890 110] 228 [0 37 750 70 84 42 17]
179 714 [0 653 347] 229 [17 765 98 75 29 16 0]
180 719 [80 920 0] 228 [0 15 719 84 118 39 25]
181 723 [86 914 0] 228 [0 8 738 113 84 31 26]
182 727 [40 960 0] 229 [9 710 138 81 35 27 0]
183 731 [27 973 0] 229 [8 634 164 108 46 40 0]
184 735 [5 995 0] 229 [9 656 183 79 36 36 1]
185 739 [7 993 0] 229 [5 553 276 100 32 33 1]
186 743 [4 996 0] 229 [3 444 336 123 48 45 1]
187 747 [3 995 2] 229 [3 263 556 95 35 44 4]
188 751 [1 994 5] 229 [2 157 649 100 46 44 2]
189 755 [1 990 9] 229 [0 117 666 98 66 50 3]
190 759 [1 988 11] 229 [2 81 715 91 61 43 7]
191 763 [1 983 16] 229 [0 60 704 95 84 43 14]
192 766 [0 950 50] 229 [0 43 741 87 78 35 16]
193 770 [0 967 33] 229 [0 32 743 87 85 34 19]
194 775 [956 44 0] 229 [1 19 715 106 89 40 30]
195 778 [0 939 61] 229 [0 16 725 112 87 35 25]
196 783 [592 408 0] 229 [0 9 742 93 96 38 22]
197 786 [0 726 274] 229 [0 6 695 124 104 36 35]
198 791 [611 389 0] 230 [7 671 152 105 37 27 1]
199 794 [0 487 513] 229 [0 5 606 222 95 33 39]
200 799 [275 725 0] 229 [0 1 556 257 105 38 43]
201 802 [0 283 717] 230 [1 456 361 104 32 44 2]
202 807 [166 834 0] 230 [1 334 453 118 47 43 4]
203 811 [63 937 0] 230 [1 284 518 111 39 41 6]
204 815 [7 990 3] 230 [2 142 666 87 56 41 6]
205 819 [7 983 10] 230 [0 76 708 96 66 45 9]
206 823 [9 976 15] 231 [60 724 88 81 35 12 0]
207 827 [5 970 25] 230 [1 45 740 89 77 36 12]
208 831 [116 884 0] 230 [0 38 719 83 82 56 22]
209 835 [136 864 0] 230 [0 35 756 72 81 32 24]
210 839 [71 929 0] 231 [19 751 95 83 36 16 0]
211 843 [40 954 6] 230 [0 17 716 114 92 22 39]
212 847 [11 978 11] 230 [0 13 700 134 95 28 30]
213 851 [19 964 17] 230 [0 12 675 130 115 32 36]
214 855 [6 972 22] 230 [0 6 667 170 94 28 35]
215 859 [3 969 28] 230 [0 4 548 280 97 33 38]
216 863 [1 970 29] 231 [4 600 213 101 38 43 1]
217 867 [7 954 39] 231 [1 534 283 100 37 43 2]
218 871 [6 948 46] 231 [3 415 400 95 37 49 1]
219 875 [3 951 46] 231 [1 302 497 101 49 48 2]
220 879 [0 891 109] 231 [5 182 626 90 46 42 9]
221 883 [1 916 83] 231 [0 121 685 89 61 38 6]
222 888 [820 180 0] 231 [0 75 709 99 62 44 11]
223 892 [743 254 3] 232 [55 717 101 74 37 16 0]
224 895 [3 963 34] 231 [0 58 708 100 77 42 15]
225 899 [2 945 53] 231 [0 36 758 82 74 38 12]
226 903 [2 852 146] 232 [27 750 87 87 32 17 0]
227 907 [0 3 732 264 1] 231 [0 16 729 90 94 48 23]
228 911 [0 1 306 691 2] 232 [14 731 115 91 31 18 0]
229 916 [314 681 5] 231 [1 14 712 122 78 37 36]
230 920 [1 167 822 10 0] 231 [1 8 703 122 98 40 28]
231 924 [113 876 11] 232 [7 724 114 93 29 30 3]
232 928 [63 925 12] 232 [6 690 137 94 39 33 1]
233 932 [93 894 13] 231 [0 5 636 162 107 45 45]
234 936 [45 939 16] 231 [0 5 579 253 92 30 41]
235 940 [1 46 929 24 0] 232 [4 527 297 102 26 42 2]
236 944 [10 944 46] 232 [2 448 346 108 46 46 4]
237 948 [12 943 45] 232 [1 309 499 102 46 41 2]
238 952 [7 923 70] 232 [3 227 549 116 51 49 5]
239 956 [2 903 95] 232 [0 145 668 82 57 38 10]
240 960 [1 17 965 17 0] 232 [0 96 700 99 60 36 9]
241 964 [62 910 28] 232 [0 80 708 88 67 44 13]
242 968 [23 936 41] 232 [1 61 724 86 75 37 16]
243 972 [21 934 45] 232 [1 41 747 83 78 33 17]
244 976 [2 932 66] 232 [0 50 725 74 86 44 21]
245 981 [6 924 69 1 0] 232 [0 25 736 95 93 28 23]
246 984 [2 918 80] 232 [0 15 710 118 92 44 21]
247 988 [0 4 882 112 2] 233 [16 732 90 91 37 32 2]
248 993 [884 115 1] 232 [0 8 735 112 82 41 22]
249 996 [0 5 896 98 1] 233 [7 712 108 98 36 39 0]
250 1000 [0 4 868 127 1] 232 [0 10 714 112 89 40 35]
251 1005 [4 866 128 2 0] 232 [0 6 727 106 94 28 39]
252 1008 [0 2 762 232 4] 233 [9 659 145 109 37 41 0]
253 1013 [3 733 258 6 0] 232 [0 5 617 210 99 32 37]
254 1017 [1 670 324 5 0] 232 [0 4 517 303 94 41 41]
255 1021 [1 554 436 9 0] 233 [4 487 320 105 37 44 3]
# FINISHED
