# READY
0 0 [1000] 0 [1000]
1 3 [3 330 665 2 0] 3 [6 299 695 0 0]
2 7 [5 249 746 0 0] 7 [5 213 780 2 0]
3 11 [2 178 818 2 0] 11 [1 192 804 3 0]
4 15 [2 95 903 0 0] 15 [4 74 922 0 0]
5 19 [1 99 896 4 0] 19 [2 88 907 2 1]
6 23 [79 917 4] 23 [3 75 917 5 0]
7 27 [47 934 19] 27 [1 51 927 21 0]
8 31 [46 948 6] 31 [44 947 9]
9 35 [43 932 25] 35 [36 937 27]
10 39 [23 941 36] 39 [26 940 34]
11 43 [25 907 68] 43 [25 895 80]
12 47 [0 15 790 194 1] 47 [0 8 783 207 2]
13 51 [0 9 746 244 1] 52 [11 725 262 2 0]
14 56 [9 595 395 1 0] 55 [11 554 435]
15 59 [0 5 458 536 1] 59 [0 5 424 569 2]
16 63 [38 956 6] 63 [33 964 3]
17 67 [33 930 37] 67 [33 934 33]
18 71 [24 915 61] 72 [21 906 73 0 0]
19 75 [23 798 179] 75 [8 806 186]
20 80 [6 464 529 1 0] 80 [6 444 550 0 0]
21 83 [0 2 323 674 1] 84 [4 326 666 4 0]
22 88 [4 152 840 4 0] 88 [2 129 864 5 0]
23 92 [1 68 927 4 0] 92 [64 931 5]
24 96 [35 955 10] 96 [28 965 7]
25 99 [0 0 48 940 12] 99 [0 0 60 928 12]
26 104 [33 957 10] 103 [0 0 28 963 9]
27 108 [28 959 13] 108 [24 965 11]
28 113 [12 952 36 0 0] 112 [6 955 39]
29 115 [0 0 8 944 48] 116 [9 930 61]
30 120 [2 875 123] 121 [2 880 118 0 0]
31 124 [5 681 314] 124 [1 659 340]
32 128 [0 939 61] 129 [921 79 0]
33 133 [6 862 132 0 0] 133 [4 849 147 0 0]
34 136 [0 819 181] 137 [1 812 187 0 0]
35 140 [0 734 266] 140 [1 698 301]
36 145 [535 465 0] 145 [506 493 1]
37 149 [1 309 689 1 0] 149 [300 700 0]
38 153 [207 791 2] 153 [190 810 0]
39 157 [117 882 1] 156 [0 112 888]
40 161 [100 900 0] 161 [122 878 0]
41 165 [56 939 5] 165 [55 944 1]
42 169 [42 953 5] 169 [42 953 5]
43 173 [26 969 5] 173 [25 965 10]
44 177 [29 961 10] 177 [19 958 23]
45 181 [15 964 21] 181 [14 960 26]
46 185 [8 967 25] 185 [16 959 25]
47 189 [10 950 40] 189 [12 957 31]
48 193 [148 852 0] 193 [114 886 0]
49 197 [103 897 0] 196 [0 0 111 888 1]
50 201 [98 902 0] 201 [82 918 0]
51 205 [68 932 0] 205 [79 920 1]
52 209 [43 955 2] 209 [47 953 0]
53 213 [42 955 3] 213 [38 958 4]
54 217 [22 977 1] 217 [27 969 4]
55 221 [19 976 5] 221 [16 977 7]
56 225 [27 968 5] 225 [20 973 7]
57 229 [11 982 7] 229 [10 980 10]
58 233 [9 983 8] 233 [6 979 15]
59 237 [3 974 23] 237 [6 982 12]
60 241 [3 946 51] 241 [2 955 43]
61 245 [2 930 68] 245 [1 922 77]
62 249 [0 923 77] 249 [1 902 97]
63 253 [1 929 70] 253 [1 910 89]
64 256 [0 973 27] 256 [0 974 26]
65 260 [0 968 32] 260 [1 949 50]
66 264 [0 931 69] 264 [0 921 79]
67 268 [0 848 152] 268 [0 853 147]
68 272 [0 529 471] 273 [543 457 0]
69 277 [483 517 0] 277 [489 511 0]
70 281 [490 510 0] 280 [0 495 505]
71 284 [0 446 554] 284 [0 466 534]
72 289 [465 535 0] 288 [0 493 507]
73 292 [0 287 713] 292 [0 335 665]
74 297 [172 828 0] 297 [189 811 0]
75 301 [89 911 0] 301 [131 869 0]
76 305 [25 975 0] 305 [33 967 0]
77 309 [7 992 1] 309 [21 979 0]
78 313 [3 995 2] 313 [11 989 0]
79 317 [0 990 10] 317 [6 993 1]
80 321 [73 927 0] 321 [745 255 0]
81 325 [35 965 0] 324 [0 874 126]
82 329 [13 987 0] 328 [0 934 66]
83 333 [7 993 0] 332 [1 980 19]
84 337 [2 997 1] 336 [7 991 2]
85 341 [0 996 4] 340 [863 137 0]
86 345 [0 983 17] 343 [658 326 16]
87 350 [972 28 0] 346 [692 270 38]
88 354 [936 64 0] 348 [0 1 802 156 41]
89 358 [594 406 0] 353 [213 593 154 40 0 0 0]
90 361 [0 159 841] 354 [61 758 121 58 2]
91 366 [38 962 0] 355 [0 0 66 714 132 61 27]
92 370 [8 992 0] 357 [0 1 300 529 98 44 28]
93 374 [1 999 0] 359 [0 11 708 118 100 35 28]
94 378 [1 999 0] 360 [0 0 1 245 535 77 78 53 11]
95 382 [1 999 0] 363 [63 703 90 95 23 26 0]
96 386 [285 715 0] 365 [45 725 81 91 24 31 3 0 0]
97 390 [104 896 0] 364 [0 0 46 666 90 111 25 50 12]
98 394 [42 958 0] 364 [0 0 0 0 35 658 144 95 18 37 13]
99 398 [19 981 0] 365 [0 0 0 0 93 676 78 89 18 40 6]
100 402 [3 997 0] 366 [0 0 0 1 265 498 78 83 21 47 7]
101 406 [1000] 367 [0 0 0 6 549 250 65 77 15 37 1]
102 410 [1000] 367 [0 0 0 0 23 695 113 70 48 25 26]
103 414 [1000] 368 [0 0 0 1 120 637 70 76 35 42 19]
104 418 [1000] 369 [0 0 0 4 562 216 83 72 22 34 7]
105 422 [1000] 369 [0 0 0 0 0 73 650 79 96 40 26 35 1]
106 426 [1000] 370 [0 0 0 6 576 225 59 71 16 35 12]
107 430 [1000] 370 [0 0 0 0 0 61 687 80 65 49 18 31 9]
108 435 [925 75 0] 371 [0 0 0 11 543 212 68 89 19 36 22]
109 438 [0 631 369] 373 [1 90 624 105 70 54 18 34 4]
110 443 [151 849 0] 371 [0 0 0 0 0 13 596 188 55 85 15 32 16]
111 446 [0 18 982] 372 [0 0 0 0 1 118 605 78 66 56 28 43 5]
112 450 [0 999 1] 371 [0 0 0 0 0 0 0 26 649 135 63 61 24 32 10]
113 454 [0 995 5] 375 [6 412 368 68 79 23 26 16 2]
114 458 [0 948 52] 374 [0 0 1 89 626 83 62 76 16 41 6]
115 463 [587 413 0] 373 [0 0 0 0 0 14 648 150 51 77 7 33 20]
116 467 [48 952 0] 373 [0 0 0 0 0 0 1 305 465 69 72 38 15 34 1]
117 471 [24 976 0] 375 [0 0 1 82 616 100 63 68 18 33 19]
118 475 [5 995 0] 374 [0 0 0 0 0 21 626 156 54 80 17 27 19]
119 479 [1000] 375 [0 0 0 0 5 385 359 69 87 35 20 37 3]
120 483 [1000] 375 [0 0 0 0 0 97 643 88 61 59 8 29 15]
121 487 [1000] 376 [0 0 0 0 25 562 202 55 91 12 25 27 1]
122 491 [1000] 376 [0 0 0 0 11 542 219 48 90 22 37 29 2]
123 495 [1000] 379 [4 269 500 63 58 52 17 30 7 0 0]
124 499 [1000] 380 [72 663 96 48 66 12 23 20 0 0 0]
125 503 [0 997 3] 379 [24 615 138 60 92 15 32 22 2]
126 507 [1000] 376 [0 0 0 0 0 0 9 449 332 50 75 35 14 35 1]
127 511 [0 970 30] 377 [0 0 0 0 3 157 543 127 84 41 10 22 13]
128 508 [0 996 4] 376 [0 0 0 0 0 0 5 249 382 164 94 50 17 27 12]
129 512 [0 957 43] 376 [0 0 0 0 0 0 2 121 619 88 54 57 17 28 14]
130 517 [626 374 0] 381 [46 646 104 58 75 12 34 25 0 0 0]
131 521 [110 890 0] 378 [0 0 0 0 18 625 152 59 72 21 29 23 1]
132 525 [2 998 0] 376 [0 0 0 0 0 0 0 0 9 491 290 61 72 24 15 32 6]
133 529 [2 998 0] 380 [3 245 490 76 74 51 14 38 9]
134 533 [1000] 378 [0 0 0 0 1 66 647 111 55 62 10 29 19]
135 537 [1000] 379 [0 0 0 29 675 105 58 71 12 31 19]
136 541 [1000] 378 [0 0 0 0 0 0 22 602 172 36 71 31 35 29 2]
137 545 [1000] 379 [0 0 0 0 5 391 366 75 73 37 14 32 7]
138 549 [1000] 381 [6 190 521 85 67 62 16 41 12]
139 553 [1000] 379 [0 0 0 0 1 93 660 71 49 70 11 28 17]
140 557 [0 984 16] 379 [0 0 0 0 0 2 37 659 114 41 67 23 31 24 2]
141 561 [0 994 6] 379 [0 0 0 0 0 0 21 594 172 42 82 22 29 30 8]
142 565 [0 943 57] 385 [10 501 235 83 77 48 12 30 4 0 0 0 0 0 0]
143 569 [0 817 183] 380 [0 0 0 0 0 5 302 462 61 59 46 17 33 14 1]
144 573 [1000] 380 [0 0 0 0 6 159 558 77 47 74 23 36 20]
145 577 [1000] 382 [0 2 55 689 81 49 60 12 23 28 1]
146 581 [1000] 384 [29 645 145 45 71 22 21 22 0 0 0]
147 585 [1000] 379 [0 0 0 0 0 0 0 0 23 616 138 46 79 38 28 26 6]
148 589 [0 987 13] 381 [0 0 0 0 15 518 259 54 60 41 18 33 2]
149 593 [0 989 11] 380 [0 0 0 0 0 0 5 340 423 68 61 45 20 32 6]
150 597 [0 788 212] 381 [0 0 0 0 3 177 559 64 64 67 15 33 18]
151 602 [396 604 0] 382 [0 0 0 2 85 605 124 51 71 12 30 19 1]
152 606 [93 907 0] 381 [0 0 0 0 0 1 49 631 103 55 85 19 31 25 1]
153 610 [152 848 0] 381 [0 0 0 0 0 0 26 668 122 41 69 22 22 25 5]
154 613 [0 60 940] 382 [0 0 0 0 12 514 239 75 77 28 16 29 10]
155 618 [38 962 0] 382 [0 0 0 0 7 381 357 66 66 52 16 45 10]
156 622 [5 995 0] 383 [0 0 5 267 496 71 50 57 9 30 15]
157 626 [8 992 0] 383 [0 0 0 1 102 642 87 55 56 12 31 13 1]
158 630 [1 999 0] 382 [0 0 0 0 2 90 612 99 51 76 14 32 24]
159 634 [1000] 383 [0 0 0 0 32 622 135 61 80 22 24 23 1]
160 638 [21 979 0] 382 [0 0 0 0 0 0 28 616 163 45 80 17 25 25 1]
161 642 [46 954 0] 383 [0 0 0 0 21 553 206 56 79 24 25 33 3]
162 646 [14 986 0] 383 [0 0 0 0 9 386 379 66 63 41 18 24 14]
163 650 [4 996 0] 383 [0 0 0 0 0 2 225 500 86 64 59 21 29 13 1]
164 654 [0 999 1] 383 [0 0 0 0 0 0 5 217 505 83 58 56 18 29 22 6 1]
165 658 [1000] 383 [0 0 0 0 0 4 89 626 99 53 60 12 28 27 2]
166 662 [1 999 0] 383 [0 0 0 0 0 2 70 627 88 58 82 8 35 28 2]
167 666 [1 999 0] 384 [0 0 0 28 656 134 52 70 10 29 21]
168 670 [0 998 2] 383 [0 0 0 0 0 0 21 593 185 53 62 30 15 36 5]
169 674 [1 996 3] 383 [0 0 0 0 0 0 15 577 190 47 64 47 21 29 10]
170 678 [1 988 11] 389 [9 460 318 49 58 52 14 27 13 0 0 0 0 0 0]
171 683 [977 23 0] 388 [9 257 486 73 54 64 14 29 13 1 0 0 0]
172 686 [0 681 319] 384 [0 0 0 0 0 2 174 542 81 51 76 17 34 22 1]
173 690 [0 733 267] 386 [1 93 662 81 42 63 11 30 17]
174 695 [344 656 0] 387 [50 670 107 44 71 8 25 24 1]
175 698 [0 156 844] 387 [62 638 84 41 96 18 21 36 4]
176 702 [1 953 46] 384 [0 0 0 0 0 0 28 615 161 49 68 30 20 27 2]
177 706 [0 958 42] 384 [0 0 0 0 0 0 19 602 183 40 81 24 11 36 4]
178 710 [0 786 214] 385 [0 0 0 0 12 565 206 42 68 40 17 40 10]
179 715 [482 518 0] 385 [0 0 0 0 8 432 333 66 59 47 10 34 11]
180 719 [49 951 0] 385 [0 0 0 0 4 311 409 79 58 63 20 34 22]
181 723 [69 931 0] 385 [0 0 0 0 0 4 204 560 73 40 57 13 26 22 1]
182 727 [19 981 0] 385 [0 0 0 0 0 1 145 606 64 49 58 23 31 21 2]
183 731 [14 986 0] 385 [0 0 0 0 0 3 111 597 87 38 72 21 28 40 3]
184 735 [6 994 0] 388 [80 623 106 55 70 17 24 21 4]
185 739 [4 995 1] 385 [0 0 0 0 0 2 40 654 122 43 57 27 22 26 7]
186 743 [3 997 0] 391 [33 631 95 48 80 40 21 46 6 0 0 0 0 0 0]
187 747 [0 995 5] 385 [0 0 0 0 0 0 16 625 157 51 53 32 21 32 13]
188 751 [0 995 5] 386 [0 0 0 0 14 501 258 63 55 50 18 29 12]
189 755 [0 990 10] 388 [10 390 347 76 51 59 13 35 19]
190 759 [0 987 13] 386 [0 0 0 0 5 317 440 66 50 64 12 30 16]
191 763 [0 975 25] 386 [0 0 0 0 6 184 550 77 59 63 9 33 19]
192 766 [0 940 60] 386 [0 0 0 0 5 145 571 82 52 70 19 37 19]
193 770 [0 966 34] 386 [0 0 0 0 0 2 100 580 128 50 76 15 24 23 2]
194 774 [0 931 69] 386 [0 0 0 0 0 78 590 114 59 81 18 32 28]
195 778 [0 912 88] 387 [0 0 0 0 60 640 113 50 78 9 28 20 2]
196 783 [477 523 0] 386 [0 0 0 0 0 2 36 654 106 57 65 30 17 26 7]
197 786 [0 608 392] 386 [0 0 0 0 0 0 19 587 169 56 56 52 21 29 11]
198 791 [469 531 0] 387 [0 0 0 0 16 557 218 45 55 38 21 38 12]
199 794 [0 373 627] 386 [0 0 0 0 0 0 17 479 287 44 65 55 14 31 8]
200 799 [213 787 0] 387 [0 0 0 0 9 470 295 43 63 57 14 36 13]
201 803 [239 761 0] 387 [0 0 0 0 8 317 429 70 53 63 17 26 17]
202 807 [103 897 0] 387 [0 0 0 0 0 216 545 65 43 74 9 28 20]
203 811 [45 953 2] 387 [0 0 0 0 6 185 554 69 42 61 19 42 22]
204 815 [5 988 7] 387 [0 0 0 0 1 102 630 80 55 70 13 25 24]
205 819 [11 975 14] 387 [0 0 0 0 0 5 62 603 103 69 70 22 38 26 2]
206 823 [4 980 16] 388 [0 0 0 2 41 630 130 47 70 29 17 33 1]
207 827 [3 969 28] 387 [0 0 0 0 0 0 39 616 135 55 78 22 20 33 2]
208 831 [92 908 0] 388 [0 0 0 0 23 633 130 43 82 30 14 37 8]
209 835 [99 900 1] 387 [0 0 0 0 0 0 19 601 166 54 72 35 10 31 12]
210 839 [46 951 3] 387 [0 0 0 0 0 0 9 477 295 53 66 46 12 30 12]
211 843 [30 964 6] 387 [0 0 0 0 0 0 9 496 264 50 62 58 10 33 18]
212 847 [9 979 12] 388 [0 0 0 0 7 386 380 79 45 56 5 29 13]
213 851 [15 967 18] 388 [0 0 0 0 4 239 474 78 52 81 15 34 23]
214 855 [9 964 27] 388 [0 0 0 0 0 3 164 570 83 55 62 13 24 24 2]
215 859 [5 953 42] 388 [0 0 0 0 3 112 619 77 53 63 22 23 28]
216 863 [1 965 34] 388 [0 0 0 0 0 2 116 596 88 42 78 18 31 26 3]
217 867 [4 960 36] 394 [67 651 93 50 74 19 22 22 2 0 0 0 0 0 0]
218 871 [8 943 49] 389 [0 0 0 1 45 635 118 53 67 29 20 27 5]
219 875 [1 931 68] 388 [0 0 0 0 0 1 56 617 115 49 74 28 24 29 7]
220 879 [0 839 161] 392 [32 548 230 44 68 32 18 23 5 0 0]
221 884 [3 882 115 0 0] 391 [14 545 227 61 72 28 12 31 10]
222 888 [1 759 238 2 0] 389 [0 0 0 0 0 26 537 200 47 59 50 30 30 20 1]
223 891 [0 2 661 336 1] 388 [0 0 0 0 0 0 8 435 340 61 49 62 7 26 12]
224 895 [1 967 32] 391 [12 465 271 52 61 64 18 38 19]
225 899 [5 919 76] 389 [0 0 0 0 0 7 376 392 62 48 60 7 28 19 1]
226 904 [3 796 199 2 0] 394 [4 260 500 66 55 60 17 21 17 0 0 0 0 0 0]
227 908 [3 673 318 6 0] 393 [2 196 538 62 53 72 11 38 28 0 0 0 0]
228 912 [1 249 747 3 0] 392 [3 155 554 121 51 55 19 18 21 3 0]
229 915 [0 0 273 723 4] 389 [0 0 0 0 2 100 655 73 45 69 14 17 25]
230 920 [154 831 15] 395 [1 79 623 79 49 91 11 33 31 3 0 0 0 0 0 0 0]
231 924 [82 904 14] 389 [0 0 0 0 0 0 62 645 107 43 66 22 19 25 11]
232 928 [46 944 10] 391 [0 3 44 656 116 34 66 27 20 28 6]
233 932 [1 88 893 18 0] 390 [0 0 0 0 54 630 101 41 61 46 22 40 5]
234 935 [0 0 43 936 21] 390 [0 0 0 0 30 677 111 42 46 33 21 31 9]
235 940 [39 938 23] 392 [29 593 162 43 89 29 18 29 8]
236 944 [12 955 33] 389 [0 0 0 0 0 0 21 564 202 54 68 39 11 25 16]
237 948 [6 946 48] 390 [0 0 0 0 16 513 269 48 65 44 10 26 9]
238 952 [5 917 78] 390 [0 0 0 0 12 452 274 64 59 65 14 38 22]
239 956 [2 885 113] 390 [0 0 0 0 0 10 366 387 74 61 49 13 21 17 2]
240 960 [1 15 960 24 0] 389 [0 0 0 0 0 0 5 253 510 78 37 55 17 30 15]
241 964 [1 53 919 27 0] 390 [0 0 0 0 0 5 230 498 67 51 75 11 41 20 2]
242 968 [19 946 35] 393 [1 105 576 146 49 69 11 23 16 4 0]
243 972 [15 935 50] 390 [0 0 0 0 0 2 99 560 146 52 79 13 21 23 5]
244 976 [3 918 79] 390 [0 0 0 0 0 0 83 607 116 45 78 14 28 27 2]
245 981 [1 5 919 75 0 0 0] 396 [1 60 664 93 47 66 26 21 20 2 0 0 0 0 0 0 0]
246 984 [7 885 108] 396 [54 637 99 51 89 16 21 29 4 0 0 0 0 0 0]
247 988 [0 4 852 141 3] 391 [0 0 0 2 50 641 92 51 72 26 24 38 4]
248 992 [0 849 151] 390 [0 0 0 0 0 0 18 623 156 55 70 25 14 31 8]
249 997 [4 868 128 0 0] 391 [0 0 0 0 20 562 193 47 74 42 18 35 9]
250 1001 [2 844 154 0 0] 390 [0 0 0 0 0 0 24 611 174 40 57 40 16 25 13]
251 1004 [0 1 826 172 1] 391 [0 0 0 1 19 521 261 44 43 45 17 37 12]
252 1008 [0 0 701 295 4] 390 [0 0 0 0 0 0 0 14 448 286 58 72 54 18 25 24 1]
253 1013 [3 689 302 6 0] 390 [0 0 0 0 0 0 0 13 462 299 67 50 46 11 25 25 2]
254 1017 [592 404 4] 390 [0 0 0 0 0 0 7 390 380 61 56 50 13 27 16]
255 1021 [1 487 505 7 0] 391 [0 0 0 0 6 372 385 56 56 62 10 33 20]
# FINISHED
