# [1K resistor; measures 0.981 K]
# READY
0 0 [0 0 0 1000 0 0 0] 0 [0 0 0 1000 0 0 0]
1 3 [0 3 360 635 2 0 0] 2 [0 17 575 408 0 0 0]
2 6 [0 0 2 317 679 2 0] 4 [0 0 6 547 444 3 0]
3 11 [0 1 254 744 1 0 0] 8 [0 11 531 458 0 0 0]
4 15 [0 0 115 885 0 0 0] 10 [0 0 3 412 582 3 0]
5 19 [0 0 120 877 3 0 0] 13 [0 0 8 394 597 1 0]
6 23 [0 0 66 929 5 0 0] 17 [0 0 501 499 0 0 0]
7 27 [0 0 52 931 17 0 0] 20 [0 5 362 630 3 0 0]
8 31 [0 0 38 956 6 0 0] 22 [0 0 2 276 717 5 0]
9 35 [0 0 36 933 31 0 0] 26 [0 1 157 834 8 0 0]
10 39 [0 0 24 938 38 0 0] 29 [0 0 134 858 8 0 0]
11 43 [0 0 20 911 69 0 0] 32 [0 1 58 931 10 0 0]
12 47 [0 0 6 786 208 0 0] 35 [0 2 67 914 17 0 0]
13 52 [0 12 759 228 1 0 0] 37 [0 0 0 40 922 38 0]
14 56 [0 7 588 405 0 0 0] 41 [0 0 39 916 45 0 0]
15 59 [0 0 7 476 517 0 0] 44 [0 0 14 941 45 0 0]
16 63 [0 0 31 959 10 0 0] 46 [0 0 0 139 860 1 0]
17 67 [0 0 23 943 34 0 0] 50 [0 1 131 861 7 0 0]
18 71 [0 0 14 916 70 0 0] 53 [0 0 109 890 1 0 0]
19 75 [0 0 5 868 127 0 0] 56 [0 0 44 939 17 0 0]
20 80 [0 2 510 487 1 0 0] 59 [0 0 47 934 19 0 0]
21 84 [0 1 357 642 0 0 0] 62 [0 0 36 929 35 0 0]
22 87 [0 0 1 138 859 2 0] 65 [0 0 40 923 37 0 0]
23 92 [0 0 63 937 0 0 0] 68 [0 0 20 918 62 0 0]
24 96 [0 0 25 972 3 0 0] 71 [0 0 18 916 66 0 0]
25 100 [0 0 48 946 6 0 0] 74 [0 0 9 849 142 0 0]
26 104 [0 0 33 961 6 0 0] 77 [0 0 13 782 205 0 0]
27 108 [0 0 19 971 10 0 0] 80 [0 0 2 773 225 0 0]
28 112 [0 0 4 978 18 0 0] 84 [0 5 499 496 0 0 0]
29 117 [0 6 953 41 0 0 0] 87 [0 1 337 661 1 0 0]
30 121 [0 1 906 93 0 0 0] 90 [0 3 243 751 3 0 0]
31 125 [0 1 776 223 0 0 0] 93 [0 0 146 854 0 0 0]
32 128 [0 0 0 941 59 0 0] 96 [0 1 360 639 0 0 0]
33 133 [0 4 906 90 0 0 0] 99 [0 1 344 654 1 0 0]
34 137 [0 0 856 144 0 0 0] 102 [0 1 259 739 1 0 0]
35 140 [0 0 0 808 192 0 0] 105 [0 0 212 788 0 0 0]
36 144 [0 0 0 608 392 0 0] 108 [0 0 84 910 6 0 0]
37 149 [0 0 353 647 0 0 0] 111 [0 0 98 901 1 0 0]
38 153 [0 0 183 817 0 0 0] 114 [0 0 66 926 8 0 0]
39 157 [0 0 110 890 0 0 0] 117 [0 0 51 939 10 0 0]
40 161 [0 0 95 905 0 0 0] 120 [0 0 10 968 22 0 0]
41 164 [0 0 0 51 949 0 0] 123 [0 0 23 954 23 0 0]
42 169 [0 0 35 962 3 0 0] 126 [0 0 12 930 58 0 0]
43 173 [0 0 28 966 6 0 0] 129 [0 0 18 920 62 0 0]
44 177 [0 0 13 980 7 0 0] 132 [0 0 0 803 197 0 0]
45 181 [0 0 15 977 8 0 0] 135 [0 0 1 760 239 0 0]
46 185 [0 0 8 979 13 0 0] 139 [0 2 715 283 0 0 0]
47 189 [0 0 7 973 20 0 0] 141 [0 0 0 652 348 0 0]
48 193 [0 0 128 872 0 0 0] 144 [0 0 3 978 19 0 0]
49 197 [0 0 105 895 0 0 0] 147 [0 0 25 948 27 0 0]
50 201 [0 0 79 921 0 0 0] 150 [0 0 13 942 45 0 0]
51 205 [0 0 64 936 0 0 0] 153 [0 0 8 925 67 0 0]
52 209 [0 0 43 957 0 0 0] 157 [0 1 799 200 0 0 0]
53 213 [0 0 34 964 2 0 0] 159 [0 0 2 775 223 0 0]
54 217 [0 0 21 976 3 0 0] 162 [0 0 0 745 255 0 0]
55 221 [0 0 16 981 3 0 0] 165 [0 0 3 541 456 0 0]
56 225 [0 0 21 978 1 0 0] 169 [0 0 401 599 0 0 0]
57 229 [0 0 11 985 4 0 0] 172 [0 0 302 697 1 0 0]
58 233 [0 0 8 987 5 0 0] 175 [0 0 214 786 0 0 0]
59 237 [0 0 3 991 6 0 0] 178 [0 1 315 683 1 0 0]
60 241 [0 0 0 973 27 0 0] 181 [0 0 131 867 2 0 0]
61 245 [0 0 0 966 34 0 0] 183 [0 0 0 95 903 2 0]
62 249 [0 0 1 958 41 0 0] 187 [0 0 96 903 1 0 0]
63 254 [0 0 960 40 0 0 0] 189 [0 0 0 66 931 3 0]
64 256 [0 0 0 988 12 0 0] 192 [0 0 2 993 5 0 0]
65 260 [0 0 0 980 20 0 0] 195 [0 0 28 970 2 0 0]
66 264 [0 0 0 960 40 0 0] 198 [0 0 15 977 8 0 0]
67 268 [0 0 0 933 67 0 0] 201 [0 0 23 972 5 0 0]
68 272 [0 0 0 742 258 0 0] 205 [0 6 977 17 0 0 0]
69 276 [0 0 0 658 342 0 0] 207 [0 0 12 982 6 0 0]
70 280 [0 0 0 648 352 0 0] 210 [0 0 12 975 13 0 0]
71 284 [0 0 0 615 385 0 0] 213 [0 0 5 976 19 0 0]
72 288 [0 0 0 625 375 0 0] 216 [0 0 0 964 36 0 0]
73 293 [0 0 342 658 0 0 0] 219 [0 0 4 958 38 0 0]
74 296 [0 0 0 160 840 0 0] 222 [0 0 0 937 63 0 0]
75 301 [0 0 72 928 0 0 0] 225 [0 0 2 956 42 0 0]
76 305 [0 0 21 979 0 0 0] 228 [0 0 0 790 210 0 0]
77 309 [0 0 11 989 0 0 0] 232 [0 0 763 237 0 0 0]
78 313 [0 0 3 997 0 0 0] 235 [0 0 716 284 0 0 0]
79 317 [0 0 0 995 5 0 0] 238 [0 0 635 365 0 0 0]
80 321 [0 0 68 932 0 0 0] 240 [0 0 0 991 9 0 0]
81 325 [0 0 38 962 0 0 0] 243 [0 0 6 985 9 0 0]
82 329 [0 0 12 988 0 0 0] 246 [0 0 1 980 19 0 0]
83 333 [0 0 1 999 0 0 0] 249 [0 0 3 978 19 0 0]
84 337 [0 0 0 999 1 0 0] 252 [0 0 1 947 52 0 0]
85 341 [0 0 0 997 3 0 0] 255 [0 0 2 976 22 0 0]
86 345 [0 0 0 992 8 0 0] 258 [0 0 1 962 37 0 0]
87 349 [0 0 0 979 21 0 0] 261 [0 0 1 917 82 0 0]
88 353 [0 0 0 963 37 0 0] 264 [0 0 0 863 137 0 0]
89 357 [0 0 0 765 235 0 0] 267 [0 0 0 809 191 0 0]
90 362 [0 0 268 732 0 0 0] 270 [0 0 0 760 240 0 0]
91 366 [0 0 69 931 0 0 0] 273 [0 0 0 799 201 0 0]
92 370 [0 0 15 985 0 0 0] 276 [0 0 0 510 490 0 0]
93 374 [0 0 7 993 0 0 0] 280 [0 0 520 480 0 0 0]
94 378 [0 0 4 996 0 0 0] 283 [0 0 534 466 0 0 0]
95 382 [0 0 1 998 1 0 0] 285 [0 0 0 515 485 0 0]
96 386 [0 0 472 528 0 0 0] 288 [0 0 0 971 29 0 0]
97 390 [0 0 215 785 0 0 0] 291 [0 0 0 960 40 0 0]
98 394 [0 0 78 922 0 0 0] 294 [0 0 0 887 113 0 0]
99 398 [0 0 31 969 0 0 0] 297 [0 0 1 802 197 0 0]
100 402 [0 0 4 996 0 0 0] 300 [0 0 0 511 489 0 0]
101 406 [0 0 0 1000 0 0 0] 304 [0 0 420 580 0 0 0]
102 410 [0 0 0 1000 0 0 0] 307 [0 0 339 661 0 0 0]
103 414 [0 0 0 1000 0 0 0] 310 [0 0 110 889 1 0 0]
104 418 [0 0 0 999 1 0 0] 313 [0 0 51 949 0 0 0]
105 422 [0 0 0 1000 0 0 0] 316 [0 0 16 984 0 0 0]
106 426 [0 0 0 1000 0 0 0] 319 [0 0 12 987 1 0 0]
107 430 [0 0 0 993 7 0 0] 322 [0 0 5 995 0 0 0]
108 434 [0 0 0 961 39 0 0] 325 [0 0 2 993 5 0 0]
109 439 [0 0 754 246 0 0 0] 328 [0 0 1 992 7 0 0]
110 443 [0 0 309 691 0 0 0] 331 [0 0 1 991 8 0 0]
111 447 [0 0 28 972 0 0 0] 334 [0 0 0 974 26 0 0]
112 450 [0 0 0 999 1 0 0] 337 [0 0 8 991 1 0 0]
113 454 [0 0 0 992 8 0 0] 340 [0 0 9 991 0 0 0]
114 458 [0 0 0 959 41 0 0] 343 [0 0 7 992 1 0 0]
115 463 [0 0 742 258 0 0 0] 346 [0 0 3 990 7 0 0]
116 467 [0 0 112 888 0 0 0] 349 [0 0 0 977 23 0 0]
117 471 [0 0 33 967 0 0 0] 352 [0 0 0 986 14 0 0]
118 475 [0 0 4 996 0 0 0] 355 [0 0 0 960 40 0 0]
119 479 [0 0 1 999 0 0 0] 358 [0 0 0 848 152 0 0]
120 483 [0 0 1 999 0 0 0] 362 [0 0 622 378 0 0 0]
121 487 [0 0 0 1000 0 0 0] 364 [0 0 0 505 495 0 0]
122 491 [0 0 0 1000 0 0 0] 368 [0 0 303 697 0 0 0]
123 495 [0 0 0 999 1 0 0] 371 [0 0 355 645 0 0 0]
124 499 [0 0 0 998 2 0 0] 374 [0 0 58 942 0 0 0]
125 503 [0 0 0 998 2 0 0] 377 [0 0 80 920 0 0 0]
126 507 [0 0 0 989 11 0 0] 380 [0 0 42 957 1 0 0]
127 511 [0 0 0 963 37 0 0] 383 [0 0 46 954 0 0 0]
128 508 [0 0 0 966 34 0 0] 380 [0 0 0 442 558 0 0]
129 512 [0 0 0 843 157 0 0] 383 [0 0 0 469 531 0 0]
130 517 [0 0 386 614 0 0 0] 387 [0 0 477 523 0 0 0]
131 521 [0 0 34 966 0 0 0] 390 [0 0 290 710 0 0 0]
132 525 [0 0 0 1000 0 0 0] 393 [0 0 43 957 0 0 0]
133 529 [0 0 0 1000 0 0 0] 396 [0 0 28 971 1 0 0]
134 533 [0 0 0 1000 0 0 0] 399 [0 0 17 983 0 0 0]
135 537 [0 0 0 999 1 0 0] 402 [0 0 21 977 2 0 0]
136 541 [0 0 0 999 1 0 0] 405 [0 0 4 995 1 0 0]
137 545 [0 0 0 998 2 0 0] 408 [0 0 7 993 0 0 0]
138 549 [0 0 0 998 2 0 0] 411 [0 0 1 998 1 0 0]
139 553 [0 0 0 997 3 0 0] 414 [0 0 1 996 3 0 0]
140 557 [0 0 0 910 90 0 0] 417 [0 0 0 998 2 0 0]
141 561 [0 0 0 964 36 0 0] 420 [0 0 0 995 5 0 0]
142 565 [0 0 0 793 207 0 0] 423 [0 0 0 995 5 0 0]
143 570 [0 0 601 399 0 0 0] 426 [0 0 0 984 16 0 0]
144 573 [0 0 0 999 1 0 0] 429 [0 0 1 998 1 0 0]
145 577 [0 0 0 999 1 0 0] 432 [0 0 2 998 0 0 0]
146 581 [0 0 0 998 2 0 0] 435 [0 0 0 998 2 0 0]
147 585 [0 0 0 999 1 0 0] 438 [0 0 0 998 2 0 0]
148 589 [0 0 0 917 83 0 0] 441 [0 0 0 966 34 0 0]
149 593 [0 0 0 949 51 0 0] 444 [0 0 0 928 72 0 0]
150 597 [0 0 0 599 401 0 0] 448 [0 0 839 161 0 0 0]
151 602 [0 0 235 765 0 0 0] 451 [0 0 781 219 0 0 0]
152 606 [0 0 33 967 0 0 0] 453 [0 0 0 505 495 0 0]
153 610 [0 0 69 931 0 0 0] 457 [0 0 407 593 0 0 0]
154 614 [0 0 33 967 0 0 0] 460 [0 0 209 791 0 0 0]
155 618 [0 0 6 994 0 0 0] 463 [0 0 66 934 0 0 0]
156 622 [0 0 0 1000 0 0 0] 466 [0 0 11 988 1 0 0]
157 626 [0 0 3 997 0 0 0] 469 [0 0 5 995 0 0 0]
158 630 [0 0 0 1000 0 0 0] 472 [0 0 5 993 2 0 0]
159 634 [0 0 0 998 2 0 0] 475 [0 0 1 998 1 0 0]
160 638 [0 0 5 995 0 0 0] 478 [0 0 45 955 0 0 0]
161 642 [0 0 18 982 0 0 0] 481 [0 0 89 911 0 0 0]
162 646 [0 0 2 998 0 0 0] 484 [0 0 30 969 1 0 0]
163 650 [0 0 1 999 0 0 0] 487 [0 0 7 992 1 0 0]
164 654 [0 0 0 999 1 0 0] 490 [0 0 0 999 1 0 0]
165 658 [0 0 0 1000 0 0 0] 493 [0 0 1 998 1 0 0]
166 662 [0 0 0 998 2 0 0] 496 [0 0 1 998 1 0 0]
167 666 [0 0 0 998 2 0 0] 499 [0 0 0 999 1 0 0]
168 670 [0 0 0 998 2 0 0] 502 [0 0 2 993 5 0 0]
169 674 [0 0 0 994 6 0 0] 505 [0 0 0 992 8 0 0]
170 678 [0 0 0 985 15 0 0] 508 [0 0 0 977 23 0 0]
171 682 [0 0 0 954 46 0 0] 511 [0 0 0 961 39 0 0]
172 687 [0 0 514 486 0 0 0] 514 [0 0 0 551 449 0 0]
173 691 [0 0 562 438 0 0 0] 518 [0 0 356 644 0 0 0]
174 695 [0 0 198 802 0 0 0] 521 [0 0 176 824 0 0 0]
175 699 [0 0 85 915 0 0 0] 524 [0 0 52 948 0 0 0]
176 702 [0 0 0 938 62 0 0] 527 [0 0 687 313 0 0 0]
177 706 [0 0 0 938 62 0 0] 530 [0 0 833 167 0 0 0]
178 711 [0 0 667 333 0 0 0] 532 [0 0 0 628 372 0 0]
179 715 [0 0 332 668 0 0 0] 535 [0 0 0 461 539 0 0]
180 719 [0 0 14 986 0 0 0] 538 [0 0 0 132 868 0 0]
181 723 [0 0 22 978 0 0 0] 542 [0 0 138 862 0 0 0]
182 727 [0 0 7 993 0 0 0] 545 [0 0 177 823 0 0 0]
183 731 [0 0 3 997 0 0 0] 548 [0 0 47 953 0 0 0]
184 735 [0 0 0 1000 0 0 0] 551 [0 0 15 985 0 0 0]
185 739 [0 0 1 999 0 0 0] 554 [0 0 7 993 0 0 0]
186 743 [0 0 1 999 0 0 0] 557 [0 0 4 996 0 0 0]
187 747 [0 0 0 993 7 0 0] 560 [0 0 4 996 0 0 0]
188 751 [0 0 0 989 11 0 0] 563 [0 0 0 999 1 0 0]
189 755 [0 0 0 981 19 0 0] 566 [0 0 1 997 2 0 0]
190 759 [0 0 0 970 30 0 0] 569 [0 0 0 1000 0 0 0]
191 763 [0 0 0 973 27 0 0] 572 [0 0 0 998 2 0 0]
192 766 [0 0 0 918 82 0 0] 574 [0 0 0 735 265 0 0]
193 770 [0 0 0 952 48 0 0] 577 [0 0 0 876 124 0 0]
194 774 [0 0 0 902 98 0 0] 581 [0 1 700 299 0 0 0]
195 779 [0 0 853 147 0 0 0] 584 [0 0 519 481 0 0 0]
196 783 [0 0 361 639 0 0 0] 587 [0 0 150 850 0 0 0]
197 787 [0 0 503 497 0 0 0] 590 [0 0 111 889 0 0 0]
198 791 [0 0 329 671 0 0 0] 593 [0 0 142 858 0 0 0]
199 795 [0 0 222 778 0 0 0] 596 [0 0 36 964 0 0 0]
200 798 [0 1 0 141 858 0 0] 599 [0 0 4 995 1 0 0]
201 803 [0 0 154 846 0 0 0] 602 [0 0 2 998 0 0 0]
202 807 [0 0 49 951 0 0 0] 605 [0 0 3 997 0 0 0]
203 811 [0 0 14 982 4 0 0] 608 [0 0 1 999 0 0 0]
204 815 [0 0 0 994 6 0 0] 611 [0 0 1 996 3 0 0]
205 819 [0 0 0 985 15 0 0] 614 [0 0 0 997 3 0 0]
206 823 [0 0 3 974 23 0 0] 617 [0 0 0 994 6 0 0]
207 827 [0 0 0 962 38 0 0] 620 [0 0 0 995 5 0 0]
208 831 [0 0 35 965 0 0 0] 623 [0 0 5 995 0 0 0]
209 835 [0 0 73 925 2 0 0] 626 [0 0 22 978 0 0 0]
210 839 [0 0 27 969 4 0 0] 629 [0 0 4 996 0 0 0]
211 843 [0 0 14 980 6 0 0] 632 [0 0 0 1000 0 0 0]
212 847 [0 0 3 982 15 0 0] 635 [0 0 0 996 4 0 0]
213 851 [0 0 3 967 30 0 0] 638 [0 0 0 996 4 0 0]
214 855 [0 0 1 964 35 0 0] 641 [0 0 0 997 3 0 0]
215 859 [0 0 1 928 71 0 0] 644 [0 0 0 976 24 0 0]
216 863 [0 0 0 957 43 0 0] 647 [0 0 0 972 28 0 0]
217 867 [0 0 0 945 55 0 0] 650 [0 0 0 961 39 0 0]
218 871 [0 0 1 915 84 0 0] 654 [0 0 917 83 0 0 0]
219 875 [0 0 1 904 95 0 0] 656 [0 0 0 937 63 0 0]
220 880 [0 0 750 250 0 0 0] 659 [0 0 0 753 247 0 0]
221 883 [0 0 0 844 156 0 0] 663 [0 0 730 270 0 0 0]
222 888 [0 1 604 395 0 0 0] 665 [0 0 0 640 360 0 0]
223 892 [0 0 511 489 0 0 0] 668 [0 0 0 565 435 0 0]
224 895 [0 0 1 928 71 0 0] 671 [0 0 0 949 51 0 0]
225 899 [0 0 1 899 100 0 0] 674 [0 0 0 890 110 0 0]
226 904 [0 1 656 343 0 0 0] 677 [0 0 0 669 331 0 0]
227 907 [0 0 0 474 525 1 0] 680 [0 0 0 472 528 0 0]
228 911 [0 0 1 167 829 3 0] 684 [0 0 112 888 0 0 0]
229 915 [0 0 0 150 843 7 0] 687 [0 0 100 900 0 0 0]
230 920 [0 0 65 925 10 0 0] 690 [0 0 87 913 0 0 0]
231 924 [0 0 37 949 14 0 0] 693 [0 0 32 968 0 0 0]
232 928 [0 0 29 953 18 0 0] 696 [0 0 5 994 1 0 0]
233 932 [0 0 39 948 13 0 0] 699 [0 0 5 995 0 0 0]
234 936 [0 0 23 954 23 0 0] 702 [0 0 1 995 4 0 0]
235 940 [0 0 8 968 24 0 0] 705 [0 0 2 993 5 0 0]
236 944 [0 0 2 955 43 0 0] 708 [0 0 1 961 38 0 0]
237 948 [0 0 2 951 47 0 0] 711 [0 0 0 951 49 0 0]
238 952 [0 0 2 908 90 0 0] 714 [0 0 0 835 165 0 0]
239 956 [0 0 0 804 195 1 0] 718 [0 0 628 372 0 0 0]
240 961 [1 4 972 23 0 0 0] 720 [0 0 0 986 14 0 0]
241 964 [0 0 26 940 34 0 0] 723 [0 0 1 988 11 0 0]
242 968 [0 0 2 955 43 0 0] 726 [0 0 0 944 56 0 0]
243 972 [0 0 1 940 59 0 0] 730 [0 1 908 91 0 0 0]
244 976 [0 0 0 907 93 0 0] 732 [0 0 0 692 308 0 0]
245 980 [0 0 2 907 91 0 0] 735 [0 0 0 797 203 0 0]
246 984 [0 0 1 847 152 0 0] 739 [0 0 620 380 0 0 0]
247 989 [0 1 763 236 0 0 0] 742 [0 0 499 501 0 0 0]
248 993 [0 0 797 202 1 0 0] 744 [0 0 0 427 573 0 0]
249 997 [0 1 806 192 1 0 0] 747 [0 0 0 454 546 0 0]
250 1001 [0 1 754 245 0 0 0] 750 [0 0 0 289 711 0 0]
251 1005 [0 0 722 277 1 0 0] 753 [0 0 0 361 639 0 0]
252 1009 [0 0 581 417 2 0 0] 757 [0 0 144 854 2 0 0]
253 1012 [0 0 0 567 429 4 0] 760 [0 0 111 889 0 0 0]
254 1017 [0 0 449 546 5 0 0] 763 [0 0 110 890 0 0 0]
255 1020 [0 0 0 373 618 9 0] 766 [0 0 73 926 1 0 0]
# FINISHED
