0 0 [1000] 0 [1000]
1 2 [0 3 328 667 2] 3 [4 305 689 2 0]
2 7 [4 206 788 2 0] 7 [6 221 772 1 0]
3 11 [3 184 809 4 0] 11 [3 162 833 2 0]
4 15 [2 96 900 2 0] 14 [3 83 914]
5 19 [97 900 3] 19 [2 84 908 6 0]
6 23 [59 935 6] 23 [1 74 918 7 0]
7 27 [1 41 939 19 0] 26 [0 1 53 932 14]
8 31 [36 957 7] 31 [36 958 6]
9 35 [42 928 30] 35 [38 933 29]
10 39 [27 931 42] 39 [32 931 37]
11 43 [0 27 911 61 1] 43 [20 907 73]
12 48 [20 782 197 1 0] 47 [16 758 226]
13 52 [17 723 259 1 0] 51 [11 720 269]
14 55 [6 571 423] 55 [0 9 572 417 2]
15 60 [11 449 539 1 0] 60 [4 431 560 5 0]
16 63 [31 966 3] 63 [34 963 3]
17 67 [25 940 35] 67 [29 935 36]
18 71 [22 913 65] 71 [24 904 72]
19 75 [0 15 832 152 1] 75 [16 797 187]
20 80 [3 452 544 1 0] 79 [7 439 554]
21 84 [1 335 662 2 0] 83 [0 5 287 705 3]
22 88 [1 139 857 3 0] 88 [117 879 4]
23 92 [1 69 917 13 0] 92 [67 927 6]
24 96 [27 968 5] 96 [30 965 5]
25 100 [46 945 9] 100 [54 935 11]
26 104 [37 948 15] 104 [31 955 14]
27 108 [31 959 10] 108 [25 958 17]
28 112 [12 966 22] 112 [7 963 30]
29 116 [17 913 70] 116 [15 924 61]
30 120 [1 872 127] 120 [4 858 138]
31 124 [3 687 310] 124 [2 674 324]
32 128 [0 926 74] 128 [0 923 77]
33 132 [3 872 125] 132 [4 874 122]
34 136 [0 817 183] 136 [1 791 208]
35 141 [750 250 0] 140 [1 707 292]
36 144 [0 527 473] 144 [0 502 498]
37 149 [299 701 0] 149 [286 714 0]
38 153 [193 807 0] 153 [165 834 1]
39 157 [119 880 1] 157 [103 897 0]
40 161 [110 890 0] 161 [103 896 1]
41 165 [61 935 4] 165 [55 942 3]
42 169 [35 960 5] 169 [39 959 2]
43 173 [34 955 11] 173 [29 959 12]
44 177 [21 961 18] 177 [14 972 14]
45 181 [12 966 22] 181 [22 956 22]
46 185 [12 966 22] 185 [10 965 25]
47 189 [16 944 40] 189 [8 959 33]
48 193 [124 875 1] 193 [116 884 0]
49 197 [87 911 2] 197 [91 909 0]
50 201 [79 921 0] 201 [76 924 0]
51 205 [77 923 0] 205 [77 923 0]
52 209 [49 950 1] 209 [39 961 0]
53 213 [36 963 1] 213 [27 969 4]
54 217 [23 972 5] 217 [26 969 5]
55 221 [18 975 7] 221 [19 979 2]
56 225 [20 976 4] 225 [22 974 4]
57 229 [11 982 7] 229 [12 977 11]
58 233 [9 978 13] 233 [9 976 15]
59 237 [4 970 26] 237 [7 973 20]
60 241 [1 960 39] 241 [1 954 45]
61 245 [1 941 58] 245 [2 934 64]
62 249 [2 906 92] 249 [1 896 103]
63 253 [0 903 97] 253 [1 909 90]
64 256 [0 973 27] 256 [0 972 28]
65 260 [0 948 52] 260 [1 958 41]
66 264 [0 927 73] 264 [0 930 70]
67 269 [848 152 0] 269 [856 144 0]
68 273 [515 485 0] 272 [0 557 443]
69 277 [470 530 0] 277 [555 445 0]
70 281 [478 522 0] 281 [614 386 0]
71 285 [445 555 0] 284 [0 668 332]
72 289 [450 550 0] 288 [0 752 248]
73 293 [259 741 0] 293 [725 275 0]
74 297 [118 882 0] 296 [0 780 220]
75 301 [59 941 0] 301 [838 162 0]
76 305 [18 982 0] 304 [0 863 137]
77 309 [7 993 0] 308 [0 933 67]
78 313 [4 994 2] 312 [0 964 36]
79 317 [0 994 6] 316 [21 979 0]
80 321 [34 966 0] 319 [12 981 7]
81 325 [33 967 0] 322 [2 835 163]
82 329 [15 985 0] 326 [1 788 202 9 0]
83 333 [6 994 0] 329 [1 808 160 31 0]
84 337 [1000] 332 [4 796 162 38 0]
85 341 [0 996 4] 334 [0 671 223 95 11]
86 345 [0 986 14] 336 [0 129 713 114 44]
87 349 [0 957 43] 338 [0 1 182 634 122 59 2]
88 353 [0 916 84] 341 [499 336 112 41 12]
89 357 [0 483 517] 342 [0 7 703 121 105 55 9]
90 362 [105 895 0] 344 [0 124 689 94 45 47 1]
91 366 [37 963 0] 345 [0 9 711 126 99 29 26]
92 370 [8 992 0] 347 [1 516 286 98 45 52 2]
93 374 [3 997 0] 348 [0 126 672 67 82 32 21]
94 378 [2 998 0] 349 [0 64 715 78 81 34 28]
95 382 [1000] 350 [0 64 706 64 86 31 49]
96 386 [178 822 0] 352 [77 727 54 86 27 29 0]
97 389 [0 60 940] 353 [3 92 690 72 74 29 39 1 0]
98 394 [29 971 0] 353 [0 2 237 543 67 81 26 43 1]
99 398 [7 993 0] 354 [2 499 317 63 69 29 21]
100 402 [1 999 0] 355 [10 647 141 61 82 31 28]
101 406 [1000] 356 [24 716 88 69 45 34 24]
102 410 [1000] 357 [67 723 68 70 22 36 14]
103 414 [1000] 358 [4 413 353 61 98 18 49 4 0]
104 418 [1000] 358 [11 695 109 70 65 20 30]
105 422 [1000] 359 [45 676 116 75 38 31 19]
106 426 [1000] 359 [0 6 406 359 69 91 22 39 8]
107 430 [0 997 3] 360 [0 18 694 106 65 61 23 31 2]
108 434 [0 888 112] 361 [95 683 61 87 25 30 19]
109 439 [496 504 0] 361 [0 12 601 182 53 75 28 37 12]
110 443 [99 901 0] 362 [0 46 693 89 80 43 22 26 1]
111 447 [12 988 0] 362 [0 6 450 337 54 72 31 32 18]
112 450 [0 998 2] 362 [0 1 68 669 79 61 63 27 32]
113 454 [0 991 9] 364 [9 458 330 53 74 19 43 13 1]
114 458 [0 894 106] 364 [0 46 651 99 82 61 24 36 1]
115 463 [486 514 0] 364 [0 5 498 298 56 80 20 28 15]
116 467 [22 978 0] 365 [0 37 701 89 57 60 21 33 2]
117 471 [4 996 0] 365 [0 4 464 316 52 90 19 35 20]
118 475 [3 997 0] 365 [0 2 49 708 72 68 60 15 26]
119 479 [1000] 367 [9 563 237 47 80 21 27 16 0]
120 483 [1000] 367 [124 599 85 79 46 36 31]
121 487 [1000] 368 [10 688 127 52 66 15 30 12 0]
122 491 [1000] 368 [1 194 580 76 79 21 28 19 2]
123 495 [1000] 368 [0 32 649 105 70 80 20 43 1]
124 499 [1000] 368 [0 4 371 398 77 82 18 30 20]
125 503 [0 999 1] 369 [0 35 704 93 62 54 19 32 1]
126 507 [0 996 4] 369 [0 13 623 162 42 84 21 39 16]
127 511 [0 920 80] 369 [0 2 198 563 84 63 41 22 27]
128 508 [0 999 1] 369 [0 14 582 187 58 91 11 42 15]
129 512 [0 985 15] 369 [0 2 156 634 50 74 34 28 22]
130 516 [0 742 258] 370 [0 21 705 84 74 60 13 35 8]
131 521 [178 822 0] 371 [7 571 217 38 77 27 38 24 1]
132 525 [1000] 371 [0 120 644 59 75 47 17 36 2]
133 529 [1000] 371 [0 25 683 104 57 66 8 34 23]
134 533 [1000] 371 [0 6 412 362 54 82 25 32 27]
135 537 [1000] 372 [3 81 689 60 55 48 27 31 6]
136 541 [1000] 372 [0 12 660 134 56 73 17 34 14]
137 545 [1000] 373 [5 414 350 53 76 34 34 31 3]
138 549 [1000] 374 [64 651 110 52 63 21 32 7 0]
139 553 [1000] 374 [16 680 108 50 83 14 35 14 0]
140 557 [0 989 11] 373 [0 6 390 351 82 88 24 31 28]
141 561 [0 997 3] 374 [1 74 679 80 62 50 15 35 4]
142 565 [0 966 34] 374 [0 20 647 124 55 87 12 40 15]
143 569 [0 855 145] 375 [6 473 310 54 87 21 27 21 1]
144 573 [1000] 375 [1 148 602 87 66 45 16 33 2]
145 577 [1000] 375 [0 47 665 95 57 72 13 41 10]
146 581 [1000] 375 [0 13 590 192 57 79 21 25 23]
147 585 [1000] 375 [0 3 245 532 62 74 32 20 32]
148 589 [0 988 12] 376 [0 72 657 81 57 69 18 37 9]
149 593 [0 992 8] 377 [16 663 119 55 89 12 31 14 1]
150 597 [0 877 123] 377 [11 419 366 49 75 31 22 25 2]
151 601 [0 512 488] 377 [2 103 617 71 59 57 38 44 9]
152 605 [1 122 877] 378 [26 702 100 52 68 10 26 16 0]
153 609 [0 212 788] 378 [13 585 194 49 80 25 35 19 0]
154 614 [91 909 0] 378 [9 255 486 69 74 45 20 37 5]
155 618 [43 957 0] 378 [1 88 664 78 50 56 23 35 5]
156 622 [3 997 0] 379 [37 666 92 57 74 12 37 24 1]
157 626 [8 992 0] 378 [0 16 572 210 52 76 25 30 19]
158 630 [1 999 0] 379 [0 174 500 124 78 54 18 40 12]
159 634 [1 999 0] 379 [1 43 603 143 64 81 12 37 16]
160 638 [40 960 0] 379 [0 24 642 126 62 85 11 31 19]
161 641 [0 49 951] 379 [0 13 573 209 61 74 20 27 23]
162 646 [17 983 0] 379 [0 5 260 497 66 63 47 20 42]
163 650 [6 994 0] 380 [1 62 674 88 55 66 9 30 15]
164 654 [1000] 380 [0 20 680 118 45 75 14 28 20]
165 658 [1 999 0] 380 [0 17 570 202 42 84 28 30 27]
166 662 [0 999 1] 381 [4 284 444 95 75 44 17 31 6]
167 666 [0 999 1] 381 [1 82 632 85 59 71 18 42 10]
168 670 [1 998 1] 381 [0 28 675 118 47 71 13 31 17]
169 674 [1 998 1] 381 [0 14 574 200 52 82 28 24 26]
170 678 [0 998 2] 382 [6 318 447 59 65 40 28 35 2]
171 682 [0 978 22] 382 [0 2 114 601 103 57 75 11 24 12 1]
172 686 [0 702 298] 382 [0 46 695 83 52 74 15 24 11]
173 690 [0 776 224] 382 [0 22 644 116 47 92 19 35 25]
174 695 [394 606 0] 383 [6 425 360 49 73 28 14 34 11]
175 699 [175 825 0] 383 [0 153 600 72 61 62 12 35 5]
176 702 [0 966 34] 383 [0 70 662 78 50 72 12 42 14]
177 706 [0 972 28] 383 [0 14 665 122 59 66 17 34 23]
178 710 [0 843 157] 384 [14 550 223 53 87 18 29 25 1]
179 714 [0 560 440] 384 [7 315 448 53 69 43 16 41 8]
180 719 [54 946 0] 384 [3 87 670 73 51 70 16 20 10]
181 723 [60 940 0] 384 [1 42 679 78 54 77 15 37 17]
182 727 [24 976 0] 385 [18 584 178 60 80 16 33 29 2]
183 731 [12 988 0] 385 [11 392 383 65 64 32 27 24 2]
184 735 [3 997 0] 385 [2 188 539 68 71 67 17 37 11]
185 739 [10 989 1] 385 [0 51 683 89 53 65 12 30 17]
186 743 [5 995 0] 386 [26 670 111 57 68 16 30 21 1]
187 747 [3 995 2] 385 [0 9 620 155 51 78 31 24 32]
188 751 [0 995 5] 386 [3 433 342 53 69 45 18 31 6]
189 755 [0 992 8] 386 [0 1 123 626 73 61 57 10 34 14 1]
190 759 [0 982 18] 386 [0 63 665 82 40 84 12 31 23]
191 763 [0 971 29] 387 [25 658 105 57 79 24 25 26 1]
192 766 [0 945 55] 387 [15 593 186 57 74 24 21 27 3]
193 770 [1 964 35] 387 [11 407 350 55 62 40 21 46 8]
194 775 [956 44 0] 387 [1 117 654 67 53 61 11 23 13]
195 778 [1 927 72] 387 [0 64 658 81 58 74 17 29 19]
196 782 [1 494 505] 388 [33 684 89 40 68 18 38 27 3]
197 786 [1 629 370] 388 [13 589 208 43 58 35 26 26 2]
198 790 [0 492 508] 388 [5 389 364 58 67 43 20 43 11]
199 795 [380 620 0] 388 [1 144 621 70 45 63 12 29 15]
200 798 [0 222 778] 388 [0 2 60 627 119 49 57 29 34 22 1]
201 803 [246 754 0] 388 [0 24 686 89 45 77 23 32 24]
202 807 [96 903 1] 389 [16 554 222 47 69 28 28 29 7]
203 811 [52 946 2] 389 [8 300 468 59 51 56 17 31 10]
204 815 [5 989 6] 389 [0 2 152 587 70 54 71 12 35 15 2]
205 819 [6 983 11] 389 [0 65 654 98 45 74 15 30 19]
206 823 [5 980 15] 390 [21 660 115 57 76 16 22 28 5]
207 827 [6 963 31] 390 [12 572 191 45 72 42 17 43 6]
208 831 [76 924 0] 390 [7 346 425 49 82 44 11 28 8]
209 834 [1 98 901] 390 [2 126 606 80 56 70 16 28 16]
210 839 [53 945 2] 390 [0 49 673 79 52 77 12 36 22]
211 843 [29 961 10] 391 [20 658 124 48 77 21 16 35 1]
212 847 [7 980 13] 391 [13 527 214 62 101 22 19 36 6]
213 851 [11 973 16] 391 [0 4 305 470 55 50 58 13 30 13 2]
214 855 [3 975 22] 391 [4 118 624 78 47 70 11 34 14]
215 859 [8 959 33] 391 [0 1 81 642 68 46 79 16 35 28 4]
216 863 [2 971 27] 392 [25 679 108 49 72 17 23 23 4]
217 867 [6 956 38] 392 [16 540 240 45 61 45 17 28 8]
218 871 [2 950 48] 392 [6 287 455 59 69 62 11 39 12]
219 875 [5 935 60] 392 [1 78 675 65 54 63 16 33 15]
220 879 [1 860 139] 392 [1 40 692 76 45 80 17 25 24]
221 883 [0 888 112] 393 [22 550 176 67 93 23 31 31 7]
222 887 [0 766 234] 393 [7 500 287 51 72 30 14 29 10]
223 892 [690 309 1] 393 [6 258 504 60 62 51 18 26 15]
224 895 [6 953 41] 393 [3 133 615 61 50 62 22 34 20]
225 899 [1 918 81] 393 [0 53 644 102 63 78 11 28 21]
226 903 [3 789 208] 394 [31 637 109 47 87 23 27 36 3]
227 908 [2 657 340 1 0] 394 [13 553 240 41 65 38 10 36 4]
228 912 [257 742 1] 394 [8 223 524 69 55 68 8 31 14]
229 916 [259 730 11] 394 [0 1 112 615 75 44 81 13 32 24 3]
230 920 [137 854 9] 395 [61 651 104 41 63 18 31 30 1]
231 924 [1 91 896 12 0] 395 [24 672 99 50 63 35 29 23 5]
232 928 [49 933 18] 395 [18 604 134 45 90 42 14 44 9]
233 932 [77 909 14] 395 [6 278 502 56 43 44 23 32 16]
234 936 [40 944 16] 395 [0 1 96 662 69 60 47 8 34 19 4]
235 940 [39 933 28] 396 [54 658 82 53 80 13 34 26 0]
236 944 [5 955 40] 396 [19 671 116 45 69 23 22 28 7]
237 948 [10 935 55] 396 [7 480 295 53 74 34 19 30 8]
238 952 [6 925 69] 396 [6 266 484 54 58 67 14 34 17]
239 956 [0 1 899 99 1] 396 [5 78 659 74 47 59 21 38 19]
240 960 [17 959 24] 396 [3 52 644 89 49 88 19 28 28]
241 964 [46 921 33] 397 [26 675 103 41 69 25 27 32 2]
242 968 [16 953 31] 397 [8 543 240 60 57 41 17 27 7]
243 972 [17 939 44] 397 [2 262 479 63 57 67 13 40 17]
244 976 [3 935 62] 397 [2 94 638 92 55 62 12 30 15]
245 980 [5 928 67] 398 [26 702 86 43 75 21 25 19 3]
246 984 [2 876 122] 398 [12 613 148 50 84 33 17 38 5]
247 989 [1 854 144 1 0] 398 [11 421 347 52 62 52 15 31 9]
248 993 [849 148 3] 398 [4 190 559 75 57 61 10 29 15]
249 996 [2 868 130] 398 [0 84 662 65 48 74 9 37 21]
250 1000 [0 2 829 168 1] 399 [35 662 103 53 77 21 24 23 2]
251 1004 [0 2 820 175 3] 399 [14 593 181 57 78 24 17 32 4]
252 1009 [700 296 4] 399 [10 388 374 49 63 53 13 34 16]
253 1012 [0 3 709 284 4] 399 [0 1 135 618 67 59 60 13 27 19 1]
254 1017 [557 439 4] 399 [0 1 56 646 82 57 85 14 33 25 1]
255 1020 [0 1 504 490 5] 400 [27 691 86 42 80 15 26 32 1]
# FINISHED
