0 0 [1000] 0 [1000]
1 3 [6 326 667 1 0] 3 [7 295 694 4 0]
2 6 [4 238 758] 6 [3 196 801]
3 11 [3 187 809 1 0] 11 [171 825 4]
4 15 [4 80 915 1 0] 15 [2 84 912 2 0]
5 19 [3 99 895 3 0] 18 [2 93 905]
6 23 [73 917 10] 22 [0 1 56 937 6]
7 27 [53 925 22] 27 [50 937 13]
8 31 [37 960 3] 31 [42 951 7]
9 35 [36 942 22] 35 [35 936 29]
10 39 [31 934 35] 39 [36 930 34]
11 43 [28 916 56] 43 [19 921 60]
12 47 [0 14 820 165 1] 47 [0 15 792 192 1]
13 51 [11 783 206] 52 [13 767 219 1 0]
14 56 [12 570 417 1 0] 55 [0 8 574 417 1]
15 60 [11 463 524 2 0] 60 [10 423 564 3 0]
16 63 [33 966 1] 63 [28 967 5]
17 67 [28 937 35] 67 [25 944 31]
18 71 [26 908 66] 71 [26 905 69]
19 75 [0 18 839 141 2] 75 [0 11 852 136 1]
20 79 [0 6 482 511 1] 79 [0 5 453 541 1]
21 83 [0 5 346 648 1] 84 [9 317 671 3 0]
22 88 [3 160 834 3 0] 88 [2 116 875 7 0]
23 92 [1 71 918 10 0] 92 [59 934 7]
24 96 [28 966 6] 96 [1 31 961 7 0]
25 100 [49 943 8] 100 [51 943 6]
26 104 [39 950 11] 104 [35 953 12]
27 108 [28 960 12] 108 [33 953 14]
28 112 [11 967 22] 112 [7 959 34]
29 116 [13 930 57] 116 [10 921 69]
30 120 [1 878 121] 120 [1 886 113]
31 124 [1 742 257] 124 [1 693 306]
32 129 [919 81 0] 128 [0 921 79]
33 132 [4 895 101] 132 [1 878 121]
34 136 [1 847 152] 136 [1 817 182]
35 140 [1 745 254] 140 [2 727 271]
36 145 [536 464 0] 144 [0 524 476]
37 148 [0 302 698] 149 [294 705 1]
38 153 [194 806 0] 153 [170 829 1]
39 157 [102 895 3] 157 [115 884 1]
40 161 [105 894 1] 161 [107 892 1]
41 165 [61 936 3] 165 [49 951 0]
42 169 [47 949 4] 169 [39 956 5]
43 173 [38 951 11] 173 [37 958 5]
44 177 [18 964 18] 177 [25 959 16]
45 181 [15 967 18] 181 [21 963 16]
46 185 [19 954 27] 185 [10 966 24]
47 189 [10 969 21] 189 [10 956 34]
48 193 [128 871 1] 193 [121 879 0]
49 197 [94 906 0] 197 [97 903 0]
50 200 [0 68 932] 200 [0 71 929]
51 205 [75 925 0] 205 [75 924 1]
52 209 [48 951 1] 209 [41 958 1]
53 213 [23 975 2] 213 [35 965 0]
54 217 [23 973 4] 217 [28 962 10]
55 221 [19 975 6] 221 [17 978 5]
56 225 [19 978 3] 225 [16 979 5]
57 229 [14 976 10] 229 [9 978 13]
58 233 [7 979 14] 233 [8 982 10]
59 237 [8 976 16] 237 [6 975 19]
60 241 [0 957 43] 241 [2 953 45]
61 245 [1 941 58] 245 [1 943 56]
62 249 [1 922 77] 249 [0 930 70]
63 253 [1 917 82] 253 [0 916 84]
64 256 [0 977 23] 256 [0 982 18]
65 260 [1 962 37] 260 [0 954 46]
66 264 [0 930 70] 264 [0 930 70]
67 268 [0 893 107] 268 [0 853 147]
68 272 [0 529 471] 273 [535 465 0]
69 277 [478 522 0] 276 [0 464 536]
70 280 [0 467 533] 281 [463 537 0]
71 284 [0 419 581] 284 [0 432 568]
72 289 [444 556 0] 288 [0 438 562]
73 293 [236 764 0] 293 [211 789 0]
74 296 [0 128 872] 297 [130 870 0]
75 301 [60 940 0] 301 [64 936 0]
76 305 [22 978 0] 305 [17 983 0]
77 309 [11 988 1] 309 [6 994 0]
78 313 [4 993 3] 313 [1 997 2]
79 317 [1 986 13] 317 [1 986 13]
80 321 [66 934 0] 321 [60 940 0]
81 325 [26 974 0] 325 [25 975 0]
82 329 [13 987 0] 329 [11 989 0]
83 333 [7 993 0] 333 [6 994 0]
84 337 [1000] 337 [0 998 2]
85 341 [0 988 12] 341 [0 987 13]
86 345 [0 975 25] 345 [0 979 21]
87 349 [0 935 65] 349 [0 928 72]
88 353 [0 830 170] 354 [845 155 0]
89 358 [458 542 0] 358 [513 487 0]
90 362 [179 821 0] 362 [197 803 0]
91 366 [39 961 0] 366 [44 956 0]
92 370 [3 997 0] 370 [8 992 0]
93 374 [3 997 0] 374 [4 996 0]
94 378 [4 996 0] 378 [4 996 0]
95 382 [2 998 0] 382 [1 999 0]
96 386 [238 762 0] 386 [339 661 0]
97 390 [84 916 0] 390 [182 818 0]
98 394 [54 946 0] 394 [88 912 0]
99 398 [18 982 0] 398 [50 950 0]
100 402 [1 999 0] 402 [6 994 0]
101 406 [1 999 0] 406 [1 999 0]
102 410 [1000] 410 [3 997 0]
103 414 [1000] 414 [1000]
104 418 [1000] 418 [1000]
105 422 [0 999 1] 422 [1000]
106 426 [0 998 2] 426 [1000]
107 430 [0 985 15] 430 [1000]
108 434 [0 732 268] 434 [0 997 3]
109 438 [0 404 596] 438 [0 989 11]
110 443 [106 894 0] 442 [0 963 37]
111 447 [15 985 0] 446 [0 937 63]
112 450 [0 997 3] 450 [1000]
113 454 [0 952 48] 454 [1000]
114 458 [0 775 225] 458 [1000]
115 463 [363 637 0] 462 [1000]
116 467 [17 983 0] 466 [2 998 0]
117 471 [5 995 0] 470 [228 772 0]
118 475 [1 999 0] 473 [0 855 145]
119 479 [1000] 477 [4 941 55]
120 483 [1000] 480 [0 811 189]
121 487 [1000] 484 [716 224 60]
122 491 [1000] 487 [761 171 68]
123 495 [1000] 490 [7 785 140 63 5]
124 499 [1 999 0] 493 [216 572 139 60 13]
125 503 [0 999 1] 495 [0 22 763 91 77 46 1]
126 508 [987 13 0] 497 [0 18 765 80 84 34 19]
127 511 [0 869 131] 500 [38 703 87 104 22 46 0]
128 508 [0 999 1] 497 [0 2 568 246 90 51 43]
129 512 [0 979 21] 500 [9 669 153 75 40 37 17]
130 516 [0 700 300] 502 [27 702 86 90 33 42 20]
131 521 [139 861 0] 503 [0 6 124 676 62 63 28 31 10]
132 525 [1 999 0] 505 [0 8 617 157 60 92 19 40 7]
133 529 [1 999 0] 507 [0 127 632 79 71 32 30 26 3]
134 533 [1000] 508 [0 25 699 105 60 62 9 28 12]
135 537 [1000] 510 [13 589 176 42 80 35 33 31 1]
136 541 [1000] 511 [5 305 456 76 57 56 15 25 5]
137 545 [1000] 512 [1 147 618 63 44 61 28 24 14]
138 549 [1000] 513 [0 2 98 621 67 46 86 14 42 23 1]
139 553 [1000] 515 [81 695 62 34 62 20 15 27 4]
140 557 [0 993 7] 515 [0 51 703 71 40 70 19 20 26]
141 561 [1000] 517 [81 631 69 45 85 27 18 36 8]
142 565 [0 964 36] 517 [0 2 61 603 145 58 44 34 21 26 6]
143 569 [0 864 136] 519 [2 113 626 73 42 79 15 15 31 4 0]
144 573 [1000] 519 [0 6 226 493 72 47 84 15 24 28 5]
145 577 [1000] 520 [0 13 326 433 52 46 71 10 23 24 2]
146 581 [1000] 521 [0 15 539 205 49 53 77 5 32 24 1]
147 585 [1000] 522 [38 632 132 39 43 58 9 31 18]
148 589 [0 989 11] 523 [48 663 96 42 53 45 9 28 16]
149 593 [0 987 13] 523 [0 7 112 593 89 31 77 33 6 36 16]
150 597 [0 866 134] 524 [0 10 227 536 44 37 68 27 11 29 11]
151 602 [498 502 0] 525 [0 24 534 221 49 36 58 22 27 24 5]
152 606 [91 909 0] 526 [2 64 638 84 35 38 61 13 40 21 4]
153 610 [171 829 0] 526 [0 5 79 618 94 41 61 37 18 34 13]
154 614 [78 922 0] 528 [12 351 391 57 51 68 13 13 26 17 1]
155 618 [38 962 0] 528 [0 48 605 129 40 40 62 15 30 27 4]
156 622 [2 998 0] 529 [1 78 674 65 32 58 46 8 24 13 1]
157 626 [6 994 0] 529 [0 10 228 494 59 45 75 26 11 37 15]
158 630 [2 998 0] 530 [0 24 637 133 36 36 67 8 17 37 5]
159 634 [1 999 0] 531 [1 81 664 79 39 57 27 6 24 22 0]
160 638 [22 978 0] 531 [0 18 471 253 59 35 86 18 18 27 15]
161 642 [41 959 0] 532 [0 42 635 106 46 49 64 9 17 24 8]
162 646 [7 993 0] 532 [0 5 152 579 81 37 61 35 2 29 19]
163 650 [3 997 0] 533 [0 24 536 202 56 40 77 6 16 27 16]
164 654 [1000] 534 [1 72 654 75 33 50 59 7 24 21 4]
165 658 [1 999 0] 534 [1 16 371 395 53 33 52 16 17 29 17]
166 662 [1 998 1] 535 [0 63 606 117 29 43 73 10 19 33 7]
167 666 [1000] 536 [10 159 592 56 31 60 29 13 26 21 3]
168 670 [0 997 3] 536 [0 37 571 191 34 43 52 19 14 29 10]
169 674 [0 998 2] 536 [0 9 138 519 121 45 54 51 8 34 21]
170 678 [0 990 10] 537 [0 24 445 288 56 50 68 16 11 25 17]
171 682 [0 968 32] 538 [9 96 589 85 44 55 59 7 29 23 4]
172 687 [656 344 0] 538 [0 21 491 277 43 34 66 17 6 29 16]
173 690 [0 731 269] 539 [3 70 629 100 39 44 59 7 17 27 5]
174 695 [339 661 0] 539 [0 23 444 293 45 42 67 24 11 30 21]
175 699 [158 842 0] 540 [4 63 615 115 33 49 56 16 12 24 13]
176 702 [0 955 45] 541 [16 397 350 51 38 63 29 10 27 18 1]
177 706 [0 956 44] 541 [3 75 636 84 25 39 65 12 24 28 9]
178 710 [0 817 183] 542 [21 297 423 56 41 67 43 14 22 14 2]
179 714 [0 528 472] 542 [2 53 624 112 47 41 65 6 19 22 9]
180 719 [53 947 0] 543 [20 367 341 61 52 66 30 11 30 21 1]
181 723 [57 943 0] 543 [3 52 657 101 38 37 55 8 15 23 11]
182 727 [12 988 0] 543 [0 15 426 309 53 35 63 27 18 29 25]
183 730 [0 12 988] 544 [1 88 624 84 49 37 59 8 19 24 7]
184 735 [5 995 0] 544 [0 19 490 290 35 40 54 22 7 29 14]
185 739 [12 988 0] 545 [7 110 584 91 39 40 64 8 19 25 13]
186 743 [1 997 2] 545 [0 21 478 283 42 34 66 25 7 29 15]
187 747 [2 995 3] 546 [0 5 127 589 78 37 53 53 7 13 23 14 1]
188 751 [1 995 4] 546 [0 29 611 132 44 36 70 18 10 30 20]
189 755 [1 982 17] 547 [0 9 212 522 72 31 59 38 8 16 22 10 1]
190 759 [1 983 16] 547 [0 45 574 172 44 38 61 17 4 31 14]
191 763 [1 974 25] 548 [12 395 323 63 31 60 49 8 32 23 4]
192 766 [0 932 68] 548 [6 106 604 90 34 43 60 8 14 23 12]
193 770 [0 963 37] 549 [30 502 223 47 35 64 31 11 37 18 2]
194 774 [0 944 56] 549 [10 167 582 61 33 38 53 5 14 22 15]
195 778 [0 910 90] 550 [48 553 160 53 41 59 28 13 28 16 1]
196 783 [464 536 0] 550 [12 298 419 64 36 45 56 15 28 19 8]
197 786 [0 596 404] 550 [0 2 81 610 88 46 43 56 25 4 29 15 1]
198 790 [0 455 545] 551 [21 460 287 51 30 55 38 10 14 26 8]
199 795 [359 641 0] 551 [8 113 597 78 34 36 68 9 12 30 15]
200 799 [171 829 0] 551 [0 1 38 591 147 42 34 64 28 8 26 17 4]
201 803 [213 787 0] 552 [10 176 555 68 34 43 58 4 20 20 12]
202 807 [89 910 1] 552 [0 5 55 597 118 37 41 58 18 18 28 23 2]
203 811 [41 956 3] 552 [0 2 25 375 359 56 28 53 33 9 30 22 8]
204 815 [9 982 9] 553 [0 6 89 549 104 50 58 69 13 8 31 20 3]
205 819 [9 974 17] 554 [25 444 293 60 27 44 45 12 26 21 3]
206 823 [2 983 15] 554 [13 151 557 81 29 42 54 16 18 26 13]
207 827 [6 961 33] 555 [55 614 112 35 30 76 18 8 29 22 1]
208 831 [78 922 0] 555 [14 496 246 56 33 54 46 6 20 21 8]
209 835 [96 904 0] 555 [6 95 612 85 37 42 59 15 4 29 16]
210 839 [47 952 1] 556 [29 588 150 45 29 64 30 9 33 19 4]
211 843 [26 965 9] 556 [13 209 537 57 34 50 51 8 15 20 6]
212 847 [2 988 10] 556 [1 57 613 108 44 56 59 16 7 26 13]
213 851 [12 962 26] 556 [0 1 17 479 248 45 34 59 33 24 27 23 10]
214 855 [5 973 22] 557 [8 110 535 144 46 36 56 13 21 20 11]
215 859 [7 954 39] 558 [2 56 613 96 37 41 76 19 9 28 20 3 0]
216 863 [3 957 40] 557 [0 1 19 464 283 52 27 49 40 6 23 28 8]
217 867 [2 959 39] 558 [5 98 647 70 34 33 56 9 16 20 12]
218 871 [4 946 50] 559 [51 596 112 45 28 86 21 7 33 18 3]
219 875 [5 925 70] 559 [13 307 452 49 30 52 39 9 17 22 10]
220 879 [0 834 166] 559 [5 76 657 72 34 38 59 8 12 26 13]
221 883 [0 875 125] 560 [21 534 186 58 39 71 26 8 32 19 6]
222 888 [746 253 1] 560 [13 150 582 60 38 41 62 6 13 20 15]
223 891 [1 647 352] 560 [0 3 69 637 82 45 42 61 11 10 21 18 1]
224 895 [6 963 31] 560 [0 3 30 551 182 46 29 60 22 15 29 25 8]
225 899 [4 918 78] 561 [12 156 529 110 29 41 53 18 11 26 15]
226 904 [787 213 0] 562 [4 58 607 124 39 31 52 20 13 29 16 6 1]
227 908 [1 627 370 2 0] 561 [0 1 30 474 222 79 33 48 41 9 26 27 10]
228 912 [217 780 3] 562 [14 131 601 61 34 37 51 7 20 25 19]
229 916 [210 784 6] 562 [1 54 586 110 41 51 72 22 14 32 17]
230 920 [1 118 869 12 0] 563 [13 455 290 62 36 39 47 8 19 19 12]
231 924 [82 903 15] 563 [13 160 562 75 31 38 53 14 14 24 16]
232 928 [44 936 20] 563 [0 1 90 595 100 29 39 67 15 7 32 20 5]
233 932 [59 924 17] 564 [21 517 227 59 27 62 39 7 14 17 10]
234 936 [33 948 19] 564 [0 6 201 507 100 34 32 60 18 5 17 19 1]
235 940 [31 937 32] 564 [0 1 75 599 88 37 30 81 20 9 35 23 2]
236 944 [7 956 37] 564 [0 1 25 502 246 44 36 44 43 6 28 17 8]
237 948 [14 936 50] 565 [12 166 559 77 27 45 52 13 7 28 14]
238 952 [2 909 89] 565 [0 2 64 584 108 51 39 71 18 7 32 20 4]
239 956 [0 6 878 115 1] 565 [0 1 18 460 283 54 37 53 39 7 18 21 9]
240 960 [13 960 27] 566 [9 249 478 67 40 38 64 5 13 20 17]
241 964 [38 926 36] 566 [0 7 93 596 85 29 38 65 26 6 32 21 2]
242 968 [17 941 42] 567 [36 545 177 56 39 55 37 7 21 15 12]
243 972 [19 934 47] 567 [0 18 266 378 121 32 57 59 12 13 22 20 2]
244 976 [1 928 71] 567 [7 108 616 73 36 34 62 12 6 27 19]
245 980 [0 5 921 73 1] 568 [2 51 620 111 43 32 51 36 7 21 17 9 0]
246 984 [2 868 130] 568 [1 23 380 310 65 24 45 66 23 22 23 17 1]
247 988 [1 824 175] 568 [10 85 605 99 34 40 60 20 5 24 18]
248 993 [852 147 1] 569 [3 45 645 111 35 35 52 23 3 16 20 9 3]
249 996 [2 853 145] 569 [17 452 271 45 35 45 65 8 20 27 15]
250 1001 [2 813 184 1 0] 569 [7 98 637 66 26 43 62 11 12 26 12]
251 1004 [0 4 791 200 5] 569 [0 6 49 637 95 40 36 50 33 6 25 21 2]
252 1009 [670 327 3] 570 [26 534 200 43 32 65 37 5 26 19 13]
253 1013 [2 644 352 2 0] 570 [17 171 550 62 31 46 56 17 6 29 15]
254 1017 [504 488 8] 570 [0 4 79 615 98 31 35 73 13 2 28 20 2]
255 1021 [445 546 9] 571 [29 479 234 55 28 47 59 11 13 32 13]
# FINISHED
