# READY
0 0 [1000] 0 [1000]
1 3 [8 322 668 2 0] 3 [6 304 688 2 0]
2 7 [2 221 776 1 0] 7 [4 207 787 2 0]
3 10 [0 1 205 790 4] 11 [3 168 828 1 0]
4 14 [1 111 888] 15 [95 904 1]
5 19 [2 107 887 4 0] 19 [2 110 883 5 0]
6 23 [2 83 908 7 0] 23 [66 930 4]
7 27 [1 43 941 15 0] 27 [54 928 18]
8 31 [39 955 6] 31 [37 959 4]
9 35 [40 938 22] 35 [38 938 24]
10 39 [33 926 41] 39 [30 924 46]
11 43 [22 917 61] 43 [18 916 66]
12 47 [0 10 779 209 2] 47 [0 12 774 213 1]
13 51 [0 15 727 257 1] 51 [0 8 706 285 1]
14 55 [0 12 593 394 1] 55 [0 7 554 438 1]
15 60 [8 443 547 2 0] 59 [6 430 564]
16 63 [28 971 1] 63 [33 962 5]
17 67 [33 935 32] 67 [27 936 37]
18 71 [22 901 77] 71 [25 895 80]
19 75 [19 816 165] 75 [11 812 177]
20 80 [4 468 527 1 0] 79 [0 9 453 536 2]
21 84 [4 332 662 2 0] 84 [5 327 666 2 0]
22 88 [1 127 868 4 0] 88 [135 864 1]
23 92 [2 66 922 10 0] 92 [2 61 933 4 0]
24 96 [30 961 9] 96 [32 960 8]
25 100 [46 944 10] 100 [46 945 9]
26 104 [26 958 16] 104 [35 954 11]
27 108 [31 954 15] 108 [37 944 19]
28 112 [3 988 9] 112 [2 985 13]
29 116 [8 935 57] 116 [7 933 60]
30 120 [1 853 146] 120 [4 857 139]
31 125 [712 288 0] 124 [2 658 340]
32 128 [0 925 75] 128 [0 917 83]
33 132 [5 854 141] 132 [2 849 149]
34 136 [2 815 183] 136 [0 801 199]
35 140 [1 747 252] 140 [1 715 284]
36 144 [0 546 454] 145 [516 483 1]
37 149 [1 308 690 1 0] 148 [0 308 692]
38 153 [203 796 1] 153 [195 804 1]
39 157 [130 869 1] 157 [126 873 1]
40 161 [111 888 1] 161 [100 899 1]
41 165 [62 938 0] 165 [66 931 3]
42 169 [52 943 5] 169 [46 949 5]
43 173 [30 960 10] 173 [26 965 9]
44 177 [20 968 12] 177 [16 970 14]
45 181 [17 963 20] 181 [15 958 27]
46 185 [13 964 23] 185 [11 965 24]
47 189 [11 953 36] 189 [7 950 43]
48 192 [0 134 866] 193 [145 854 1]
49 197 [93 907 0] 197 [92 908 0]
50 201 [97 902 1] 201 [84 916 0]
51 205 [74 926 0] 205 [63 937 0]
52 209 [44 955 1] 209 [40 959 1]
53 213 [38 961 1] 213 [35 963 2]
54 217 [27 967 6] 217 [21 975 4]
55 221 [20 976 4] 221 [14 979 7]
56 225 [21 971 8] 225 [23 972 5]
57 229 [8 984 8] 229 [14 977 9]
58 233 [10 978 12] 233 [6 977 17]
59 237 [5 980 15] 237 [8 977 15]
60 241 [1 964 35] 241 [4 952 44]
61 245 [2 934 64] 245 [1 927 72]
62 249 [0 923 77] 249 [1 920 79]
63 253 [1 915 84] 253 [0 908 92]
64 256 [0 977 23] 256 [0 975 25]
65 260 [0 963 37] 260 [0 963 37]
66 264 [0 924 76] 264 [0 935 65]
67 269 [863 137 0] 268 [0 834 166]
68 272 [0 550 450] 273 [550 450 0]
69 276 [0 512 488] 276 [0 490 510]
70 280 [0 513 487] 281 [498 502 0]
71 285 [483 517 0] 285 [475 525 0]
72 288 [0 489 511] 288 [0 504 496]
73 293 [288 712 0] 292 [0 314 686]
74 297 [171 829 0] 296 [0 198 802]
75 300 [0 84 916] 300 [0 112 888]
76 305 [19 981 0] 305 [31 969 0]
77 309 [10 990 0] 309 [12 988 0]
78 313 [4 995 1] 313 [14 986 0]
79 317 [0 993 7] 317 [6 994 0]
80 321 [61 939 0] 321 [779 221 0]
81 325 [29 971 0] 324 [0 872 128]
82 329 [10 990 0] 328 [0 950 50]
83 333 [5 995 0] 332 [1 991 8]
84 337 [0 997 3] 336 [17 982 1]
85 341 [0 996 4] 339 [1 873 126]
86 345 [0 993 7] 343 [722 268 10]
87 349 [0 970 30] 346 [741 220 39]
88 353 [0 936 64] 349 [3 804 147 46 0]
89 358 [592 408 0] 351 [0 445 392 127 36]
90 362 [157 843 0] 354 [196 638 123 42 1]
91 366 [37 963 0] 356 [214 600 123 44 19]
92 370 [3 997 0] 357 [0 2 555 257 114 42 30]
93 374 [4 996 0] 359 [0 17 734 102 89 41 17]
94 378 [4 996 0] 361 [3 521 272 116 33 52 3]
95 382 [1000] 362 [0 219 573 73 83 26 26]
96 386 [285 715 0] 363 [0 121 667 77 79 23 33]
97 390 [100 900 0] 364 [0 4 77 656 84 102 25 51 1]
98 394 [55 945 0] 366 [109 651 83 83 26 45 3]
99 398 [16 984 0] 366 [0 1 252 527 80 84 17 38 1]
100 402 [2 998 0] 368 [5 511 266 75 75 21 42 5 0]
101 406 [1 999 0] 369 [14 551 251 70 68 14 27 5 0]
102 410 [1000] 369 [56 668 92 90 41 33 20]
103 414 [1000] 369 [0 5 341 456 55 68 28 29 18]
104 418 [1000] 371 [19 702 107 53 74 16 27 2 0]
105 422 [1000] 370 [0 1 194 553 71 79 37 36 29]
106 426 [1000] 371 [0 14 666 140 60 71 16 26 7]
107 430 [1000] 372 [3 130 629 83 70 42 24 19 0]
108 434 [0 916 84] 372 [0 12 573 190 59 81 21 44 20]
109 439 [625 375 0] 373 [146 640 65 65 36 23 25]
110 442 [0 196 804] 373 [0 16 675 127 59 73 12 26 12]
111 447 [17 983 0] 374 [9 359 370 77 74 45 33 29 4]
112 450 [0 996 4] 374 [1 63 701 85 51 49 15 31 4]
113 454 [0 995 5] 374 [0 13 616 156 61 94 15 26 19]
114 458 [0 958 42] 375 [3 246 512 61 67 49 25 36 1]
115 462 [0 622 378] 375 [0 55 671 99 64 60 16 25 10]
116 467 [53 947 0] 375 [0 10 574 194 45 95 24 33 25]
117 471 [17 983 0] 376 [2 192 582 71 55 46 17 33 2]
118 475 [1 999 0] 376 [1 36 682 112 49 64 10 31 15]
119 478 [0 1 999] 377 [13 583 184 50 92 18 33 27 0]
120 483 [1 999 0] 377 [3 283 496 65 57 39 26 29 2]
121 487 [1000] 377 [0 67 626 126 65 60 19 25 12]
122 491 [1000] 378 [29 633 132 42 80 20 26 37 1]
123 495 [1000] 377 [0 10 459 314 63 69 38 24 23]
124 499 [1000] 378 [2 153 550 91 65 73 18 39 9]
125 503 [1000] 378 [1 47 671 104 54 65 8 30 20]
126 507 [0 999 1] 379 [12 596 197 52 75 24 23 21 0]
127 511 [0 963 37] 379 [3 389 361 56 74 44 21 42 10]
128 508 [0 998 2] 379 [13 571 223 53 70 26 19 21 4]
129 512 [0 964 36] 379 [7 326 451 55 51 53 27 23 7]
130 517 [620 380 0] 379 [1 139 562 102 52 68 16 46 14]
131 521 [133 867 0] 380 [47 709 79 38 66 16 25 20 0]
132 525 [1 999 0] 380 [20 643 130 50 91 18 26 21 1]
133 529 [1 999 0] 380 [8 418 331 60 63 57 16 42 5]
134 533 [1000] 380 [5 223 550 64 55 57 12 26 8]
135 537 [1000] 381 [50 660 93 58 75 9 38 17 0]
136 541 [1000] 380 [0 44 641 110 51 82 15 28 29]
137 545 [1000] 380 [0 17 611 181 51 62 29 24 25]
138 549 [1000] 381 [8 458 308 46 80 39 20 34 7]
139 553 [1000] 381 [4 213 556 58 57 61 8 34 9]
140 557 [0 984 16] 381 [2 80 670 80 54 62 13 27 12]
141 561 [0 996 4] 382 [1 42 639 107 42 84 24 41 19 1 0]
142 565 [0 945 55] 381 [0 18 590 209 46 65 19 30 23]
143 569 [0 822 178] 382 [9 459 336 51 76 24 14 27 4]
144 573 [1000] 382 [5 277 462 68 52 71 19 39 7]
145 577 [1000] 382 [3 124 622 93 41 61 14 32 10]
146 581 [1000] 383 [68 607 139 62 67 13 28 16 0]
147 585 [1000] 382 [0 31 637 128 39 88 19 34 24]
148 589 [0 984 16] 383 [16 640 153 45 74 20 22 29 1]
149 593 [0 987 13] 383 [6 485 268 51 73 47 30 30 10]
150 597 [0 803 197] 383 [4 325 449 82 50 46 9 22 13]
151 601 [0 418 582] 383 [0 6 141 622 73 51 58 11 18 19 1]
152 605 [0 115 885] 383 [0 1 85 624 80 51 79 15 37 25 3]
153 609 [0 150 850] 384 [39 608 142 63 81 20 24 19 4]
154 614 [67 933 0] 384 [19 604 173 51 77 26 22 26 2]
155 618 [34 966 0] 384 [21 570 185 47 78 35 18 40 6]
156 622 [2 998 0] 384 [10 469 293 63 70 41 18 26 10]
157 626 [4 996 0] 384 [8 274 439 74 87 48 17 36 17]
158 630 [1 999 0] 384 [0 143 601 84 55 60 11 29 17]
159 634 [1 999 0] 384 [0 2 80 645 89 50 72 15 24 20 3]
160 638 [35 965 0] 384 [0 2 69 609 112 45 78 19 34 30 2]
161 642 [38 962 0] 385 [25 577 201 58 68 24 18 24 5]
162 646 [10 990 0] 385 [14 594 185 53 84 24 17 24 5]
163 650 [5 995 0] 385 [15 505 250 45 79 46 15 41 4]
164 654 [0 999 1] 385 [6 394 389 51 51 52 14 31 12]
165 658 [2 998 0] 385 [3 177 606 57 48 52 11 32 14]
166 662 [0 999 1] 385 [7 117 604 66 49 72 19 41 25]
167 666 [0 999 1] 385 [0 2 53 670 93 37 69 25 22 27 2]
168 670 [0 998 2] 385 [0 2 50 671 86 47 61 22 31 25 5]
169 674 [0 999 1] 386 [25 625 138 47 78 27 26 30 4]
170 678 [0 993 7] 386 [1 21 496 275 48 65 26 20 37 10 1]
171 682 [0 974 26] 386 [12 462 273 71 73 46 20 30 13]
172 686 [0 686 314] 386 [4 415 369 49 57 50 14 28 14]
173 690 [0 727 273] 386 [6 196 547 78 48 64 18 27 16]
174 695 [339 661 0] 386 [0 2 153 569 81 54 71 11 33 25 1]
175 699 [158 842 0] 387 [1 80 621 99 57 78 15 10 27 11 1]
176 702 [1 963 36] 386 [0 1 63 643 99 52 75 16 27 22 2]
177 706 [0 954 46] 386 [0 1 44 633 128 41 77 18 25 32 1]
178 710 [0 804 196] 387 [16 626 149 54 76 27 14 30 8]
179 715 [530 470 0] 387 [15 537 229 63 67 37 15 29 8]
180 719 [60 940 0] 387 [9 526 238 45 60 46 26 32 18]
181 723 [52 948 0] 387 [8 394 383 64 47 57 11 26 10]
182 727 [27 973 0] 387 [10 306 436 66 46 71 17 33 15]
183 731 [12 988 0] 387 [0 4 173 547 88 48 57 17 41 24 1]
184 735 [5 995 0] 387 [0 1 98 633 91 42 50 31 28 23 3]
185 739 [4 996 0] 388 [1 87 610 95 52 76 14 32 28 5 0]
186 743 [1 999 0] 387 [0 49 666 106 32 75 24 12 36]
187 747 [5 992 3] 388 [28 632 143 51 67 26 20 31 2]
188 751 [0 996 4] 388 [15 634 131 44 75 34 16 39 12]
189 755 [2 985 13] 388 [18 540 226 51 69 44 12 33 7]
190 759 [2 981 17] 388 [0 7 456 310 63 61 50 7 32 13 1]
191 763 [0 975 25] 388 [12 390 344 69 52 66 13 36 18]
192 766 [0 945 55] 388 [9 322 429 74 51 59 13 27 16]
193 770 [1 958 41] 388 [4 188 551 81 53 65 9 31 18]
194 774 [0 941 59] 388 [0 2 156 574 74 45 76 15 35 22 1]
195 778 [0 909 91] 388 [0 1 63 656 94 50 66 21 21 24 4]
196 783 [475 525 0] 388 [0 1 80 573 114 51 97 23 21 36 4]
197 786 [0 621 379] 389 [42 593 174 45 69 28 19 27 3]
198 790 [0 510 490] 389 [34 619 140 47 72 35 20 23 10]
199 795 [398 602 0] 389 [17 603 158 52 79 31 20 33 7]
200 799 [219 781 0] 389 [20 524 231 58 68 46 16 29 8]
201 802 [0 241 759] 389 [9 422 348 59 53 55 15 25 14]
202 806 [0 103 897] 389 [8 413 353 47 50 49 26 36 18]
203 811 [37 962 1] 389 [7 235 498 83 47 72 11 31 16]
204 815 [9 988 3] 389 [0 5 138 601 70 50 67 15 31 21 2]
205 819 [4 979 17] 389 [3 133 584 74 60 67 18 37 24]
206 823 [8 980 12] 389 [0 3 97 585 118 61 58 26 24 25 3]
207 827 [2 969 29] 389 [0 2 89 608 90 54 86 12 27 30 2]
208 831 [86 914 0] 389 [0 56 637 113 63 66 16 18 31]
209 835 [125 874 1] 390 [30 621 151 48 75 24 17 31 3]
210 839 [56 942 2] 390 [37 619 126 47 81 27 17 34 12]
211 843 [32 961 7] 390 [29 599 171 38 66 44 10 37 6]
212 847 [5 986 9] 390 [14 533 238 53 62 45 13 27 15]
213 851 [11 968 21] 390 [8 445 306 56 61 55 15 36 18]
214 855 [8 973 19] 390 [12 378 377 60 56 45 22 31 19]
215 859 [1 949 50] 390 [0 4 306 448 70 55 59 8 35 14 1]
216 863 [2 971 27] 390 [0 2 243 502 65 52 66 15 32 21 2]
217 867 [2 953 45] 390 [0 2 152 575 83 54 69 17 28 18 2]
218 871 [5 943 52] 390 [2 109 586 98 57 78 15 31 24]
219 875 [0 944 56] 390 [0 1 84 635 102 46 65 16 27 23 1]
220 880 [2 849 148 1 0] 391 [62 640 112 44 76 17 22 24 3]
221 883 [2 887 111] 391 [33 619 139 46 82 19 20 37 5]
222 887 [1 778 221] 391 [34 618 140 52 56 42 16 30 12]
223 892 [680 319 1] 390 [0 1 29 607 161 43 57 35 22 37 8]
224 895 [7 967 26] 391 [20 604 151 56 71 30 16 33 19]
225 899 [2 931 67] 391 [25 483 261 56 54 54 17 31 19]
226 904 [801 197 2] 391 [13 350 406 63 65 43 15 32 13]
227 908 [3 671 325 1 0] 391 [6 361 383 66 52 68 11 31 22]
228 912 [270 724 6] 391 [0 6 259 488 76 53 60 9 30 18 1]
229 916 [293 698 9] 391 [2 154 535 96 57 85 16 33 22]
230 920 [129 863 8] 391 [0 3 142 568 111 46 71 9 29 20 1]
231 924 [96 894 10] 391 [0 5 101 621 91 39 65 24 29 23 2]
232 928 [50 937 13] 391 [0 2 99 622 77 43 70 26 28 26 7]
233 932 [75 913 12] 391 [0 2 71 642 93 45 59 25 27 34 2]
234 936 [41 940 19] 391 [0 3 45 611 134 52 65 31 25 29 5]
235 940 [37 936 27] 392 [33 640 113 43 83 28 20 33 7]
236 944 [11 952 37] 392 [0 31 621 129 52 79 32 14 30 11 1]
237 948 [13 942 45] 392 [14 580 193 57 65 37 10 31 13]
238 952 [8 916 76] 392 [19 515 232 52 71 49 11 35 16]
239 956 [2 890 108] 392 [7 498 283 55 64 48 11 25 9]
240 960 [14 962 24] 392 [9 483 255 73 67 52 15 29 17]
241 964 [49 925 26] 392 [12 386 341 76 54 61 14 35 21]
242 968 [14 946 40] 392 [0 7 316 419 81 57 56 15 28 18 3]
243 972 [13 936 51] 392 [6 260 466 72 57 73 9 37 20]
244 976 [2 922 76] 392 [3 209 536 84 46 54 20 28 20]
245 980 [3 928 69] 392 [0 3 97 651 67 48 74 12 26 21 1]
246 984 [3 909 88] 392 [3 103 636 59 36 69 30 33 31]
247 988 [0 1 853 145 1] 393 [58 649 101 44 70 24 24 27 3]
248 993 [859 140 1] 392 [0 3 65 645 93 47 62 27 30 24 4]
249 996 [0 1 871 126 2] 393 [66 631 97 42 84 19 30 29 2]
250 1000 [3 856 141] 392 [0 1 36 642 127 51 62 23 18 28 12]
251 1004 [0 3 829 166 2] 393 [38 596 154 54 73 34 20 25 6]
252 1009 [734 262 4] 393 [31 598 158 42 65 39 19 31 17]
253 1012 [0 4 699 288 9] 393 [17 577 196 51 58 49 12 31 9]
254 1016 [0 1 593 402 4] 393 [15 441 299 53 78 46 15 34 19]
255 1020 [0 1 495 497 7] 393 [15 411 355 57 43 53 15 33 18]
# FINISHED
