REVERSE
0 0 [0 997 3] 0 [0 995 5]
1 3 [79 343 383 193 2] 3 [86 362 372 174 6]
2 6 [0 79 426 363 132] 7 [100 396 381 123 0]
3 11 [108 333 334 217 8] 11 [118 337 328 209 8]
4 15 [97 258 363 277 5] 15 [84 283 352 271 10]
5 19 [105 311 340 221 23] 19 [82 319 357 221 21]
6 23 [81 295 478 142 4] 23 [82 310 464 140 4]
7 27 [39 246 389 303 23] 27 [46 213 468 254 19]
8 31 [23 216 595 156 10] 31 [18 218 596 161 7]
9 35 [47 206 417 276 54] 35 [34 184 456 265 61]
10 39 [31 171 531 247 20] 39 [36 193 511 237 23]
11 43 [21 197 392 314 76] 43 [14 166 396 336 88]
12 47 [3 124 383 418 72] 48 [151 369 409 71 0]
13 51 [3 187 367 370 73] 51 [2 154 403 359 82]
14 55 [3 118 481 314 84] 55 [1 109 436 353 101]
15 59 [0 131 371 439 59] 60 [121 351 463 64 1]
16 63 [14 194 471 303 18] 63 [11 184 482 311 12]
17 67 [20 191 424 306 59] 67 [24 187 440 303 46]
18 71 [11 149 538 281 21] 71 [7 156 541 275 21]
19 75 [3 118 503 305 71] 75 [3 125 488 310 74]
20 79 [0 76 383 441 100] 80 [84 402 417 97 0]
21 84 [64 463 346 127 0] 84 [69 445 362 124 0]
22 88 [27 317 537 119 0] 88 [40 323 509 127 1]
23 92 [21 391 416 171 1] 91 [0 22 380 417 181]
24 95 [0 22 297 534 147] 95 [0 24 309 524 143]
25 100 [52 302 485 160 1] 100 [41 293 486 180 0]
26 104 [25 276 488 209 2] 103 [0 18 238 528 216]
27 108 [8 279 510 201 2] 108 [10 303 480 203 4]
28 112 [2 291 445 251 11] 112 [2 307 449 236 6]
29 116 [1 217 501 268 13] 117 [226 517 245 12 0]
30 121 [154 455 377 14 0] 120 [0 177 422 383 18]
31 125 [116 446 382 56 0] 124 [0 142 438 366 54]
32 128 [0 149 541 290 20] 128 [0 133 573 275 19]
33 132 [0 187 400 376 37] 133 [198 417 359 26 0]
34 136 [0 55 480 436 29] 136 [0 81 494 395 30]
35 141 [143 435 375 47 0] 141 [139 423 402 36 0]
36 144 [0 63 465 428 44] 145 [92 479 406 23 0]
37 149 [66 323 500 111 0] 148 [0 103 366 445 86]
38 152 [0 17 421 484 78] 152 [0 22 490 439 49]
39 156 [0 37 384 482 97] 157 [57 395 467 81 0]
40 160 [0 4 406 523 67] 161 [4 453 469 74 0]
41 164 [0 21 309 566 104] 164 [0 41 416 489 54]
42 168 [0 3 243 592 162] 168 [0 13 350 535 102]
43 173 [1 223 642 134 0] 173 [8 357 556 79 0]
44 177 [186 652 162] 177 [2 333 590 75 0]
45 181 [221 622 157] 181 [5 325 560 110 0]
46 185 [212 593 195] 185 [364 519 117]
47 189 [192 608 200] 188 [0 4 386 510 100]
48 192 [0 8 386 531 75] 192 [0 136 560 302 2]
49 196 [0 9 372 561 58] 196 [137 575 288]
50 200 [0 5 375 573 47] 201 [68 654 277 1 0]
51 205 [8 371 575 46 0] 204 [145 577 278]
52 209 [291 617 92] 208 [179 581 240]
53 213 [235 679 86] 212 [169 594 237]
54 217 [209 645 146] 216 [111 692 197]
55 221 [155 711 134] 220 [217 624 159]
56 225 [161 730 109] 224 [169 716 115]
57 229 [152 721 127] 228 [313 593 94]
58 233 [119 730 151] 232 [3 345 594 58 0]
59 237 [96 702 202] 235 [0 18 449 521 12]
60 241 [75 657 268] 239 [15 498 487]
61 245 [101 663 236] 243 [117 567 316]
62 249 [37 675 288] 247 [156 707 137]
63 253 [0 45 664 290 1] 251 [290 629 81]
64 256 [82 677 241] 253 [0 5 399 581 15]
65 260 [78 690 232] 257 [70 688 242]
66 264 [29 641 330] 261 [214 673 113]
67 268 [33 636 331] 265 [390 590 20]
68 272 [5 565 430] 268 [0 12 548 438 2]
69 276 [3 583 414] 272 [142 646 212]
70 280 [1 550 449] 276 [409 565 26]
71 284 [1 539 460] 279 [59 757 184]
72 289 [556 444 0] 283 [306 662 32]
73 293 [426 572 2] 286 [71 734 195]
74 297 [387 607 6] 290 [329 663 8]
75 301 [367 621 12] 293 [80 779 141]
76 305 [191 782 27] 297 [2 366 626 6 0]
77 309 [153 731 116] 300 [185 721 94]
78 313 [89 801 110] 303 [18 548 434]
79 317 [44 831 125] 307 [369 617 14]
80 321 [379 615 6] 310 [311 683 6]
81 325 [253 736 11] 313 [214 755 31]
82 329 [223 730 47] 316 [151 733 116]
83 333 [130 829 41] 319 [38 703 259]
84 337 [48 868 84] 322 [18 617 365]
85 341 [17 829 154] 325 [4 524 472]
86 345 [6 838 156] 328 [4 534 462]
87 349 [1 751 248] 331 [2 513 485]
88 353 [2 675 323] 334 [21 558 421]
89 357 [0 625 375] 337 [81 715 204]
90 362 [369 630 1] 340 [127 703 170]
91 366 [272 725 3] 343 [207 731 62]
92 370 [156 835 9] 346 [240 757 3]
93 374 [122 873 5] 348 [7 518 475]
94 378 [140 830 30] 351 [143 685 172]
95 382 [134 841 25] 353 [0 386 614]
96 386 [436 564 0] 356 [115 724 161]
97 390 [321 676 3] 359 [369 631 0]
98 394 [246 747 7] 361 [67 799 134]
99 398 [188 792 20] 364 [357 642 1]
100 402 [117 846 37] 366 [75 710 215]
101 406 [67 883 50] 368 [0 509 491]
102 410 [47 881 72] 371 [255 730 15]
103 414 [16 883 101] 373 [92 799 109]
104 418 [4 884 112] 375 [38 702 260]
105 422 [2 879 119] 377 [0 411 589]
106 426 [0 843 157] 380 [336 664 0]
107 430 [0 822 178] 382 [228 755 17]
108 434 [0 663 337] 384 [178 779 43]
109 438 [0 557 443] 386 [95 805 100]
110 443 [400 599 1] 388 [120 724 156]
111 447 [237 756 7] 390 [66 771 163]
112 450 [0 823 177] 392 [275 712 13]
113 454 [0 788 212] 394 [243 753 4]
114 458 [0 713 287] 396 [359 641 0]
115 462 [0 632 368] 398 [471 529 0]
116 467 [396 596 8] 400 [442 558 0]
117 471 [327 638 35] 401 [21 652 327]
118 475 [165 794 41] 403 [96 741 163]
119 479 [70 864 66] 405 [177 787 36]
120 483 [45 897 58] 407 [298 701 1]
121 487 [8 895 97] 408 [7 498 495]
122 491 [3 895 102] 410 [74 690 236]
123 495 [0 883 117] 412 [237 750 13]
124 499 [0 882 118] 414 [374 626 0]
125 503 [0 804 196] 415 [99 713 188]
126 507 [0 783 217] 417 [344 656 0]
127 512 [817 183 0] 418 [39 609 352]
128 508 [0 836 164] 417 [100 802 98]
129 512 [0 833 167] 418 [0 319 681]
130 517 [715 266 19] 420 [71 622 307]
131 521 [454 510 36] 422 [243 750 7]
132 525 [32 872 96] 423 [19 584 397]
133 529 [37 871 92] 425 [223 765 12]
134 533 [9 893 98] 426 [26 587 387]
135 537 [6 883 111] 428 [272 714 14]
136 541 [0 880 120] 429 [69 679 252]
137 545 [2 886 112] 431 [354 645 1]
138 549 [1 877 122] 432 [156 786 58]
139 553 [0 853 147] 433 [29 565 406]
140 558 [812 181 7] 435 [291 706 3]
141 562 [820 175 5] 436 [136 627 237]
142 566 [825 156 19] 437 [3 467 530]
143 570 [779 183 38] 439 [259 721 20]
144 573 [18 806 176] 440 [256 708 36]
145 577 [9 872 119] 441 [56 590 354]
146 581 [0 858 142] 443 [406 594 0]
147 585 [0 1 809 189 1] 444 [327 668 5]
148 590 [741 236 23] 445 [207 724 69]
149 594 [2 761 221 16 0] 446 [91 679 230]
150 598 [630 325 45] 447 [1 643 356]
151 602 [648 271 81] 449 [485 515 0]
152 606 [553 336 111] 450 [314 679 7]
153 610 [544 385 71] 451 [177 724 99]
154 614 [398 528 74] 452 [108 622 270]
155 618 [354 554 92] 453 [38 523 439]
156 622 [169 711 120] 454 [5 432 563]
157 626 [220 652 128] 455 [0 345 655]
158 630 [127 725 148] 457 [358 640 2]
159 634 [0 91 724 184 1] 458 [359 639 2]
160 638 [377 485 138] 459 [295 692 13]
161 642 [358 535 107] 460 [216 748 36]
162 646 [0 213 669 117 1] 461 [204 757 39]
163 650 [0 201 685 113 1] 462 [178 732 90]
164 654 [0 163 641 192 4] 463 [217 736 47]
165 658 [0 173 661 164 2] 464 [201 725 74]
166 662 [0 77 768 132 23] 465 [149 743 108]
167 666 [0 39 819 127 15] 466 [132 714 154]
168 670 [0 43 817 139 1] 467 [154 721 125]
169 674 [0 70 804 105 21] 468 [172 673 155]
170 678 [0 17 813 135 35] 469 [179 740 81]
171 682 [0 35 705 191 69] 470 [271 690 39]
172 687 [5 688 204 103 0] 471 [256 722 22]
173 690 [0 7 689 201 103] 472 [273 716 11]
174 695 [506 377 117] 473 [271 711 18]
175 699 [0 418 472 109 1] 474 [277 712 11]
176 702 [0 21 754 154 71] 474 [0 420 580]
177 706 [0 40 695 162 103] 475 [17 501 482]
178 711 [7 662 258 73 0] 476 [34 529 437]
179 715 [567 315 118] 477 [68 581 351]
180 719 [0 331 514 153 2] 478 [112 616 272]
181 723 [0 336 542 120 2] 479 [155 710 135]
182 728 [302 558 125 15 0] 480 [197 776 27]
183 731 [0 259 589 129 23] 481 [297 700 3]
184 735 [0 244 630 96 30] 482 [378 620 2]
185 739 [0 290 530 136 44] 482 [3 472 525]
186 743 [0 238 601 100 61] 483 [73 503 424]
187 747 [0 233 602 107 58] 484 [148 586 266]
188 752 [140 624 185 51 0] 485 [188 712 100]
189 755 [0 142 669 145 44] 486 [235 746 19]
190 759 [0 123 707 108 62] 487 [357 641 2]
191 763 [0 140 636 161 63] 487 [22 496 482]
192 766 [0 53 669 189 89] 488 [158 688 154]
193 770 [0 102 677 139 82] 489 [274 709 17]
194 774 [0 139 611 152 98] 490 [433 567 0]
195 779 [85 630 171 111 3] 490 [41 532 427]
196 783 [24 512 326 135 3] 491 [123 556 321]
197 787 [49 545 292 111 3] 492 [228 712 60]
198 791 [41 565 245 131 18] 493 [401 597 2]
199 795 [29 541 280 134 16] 493 [16 502 482]
200 799 [18 385 496 88 13] 494 [104 570 326]
201 803 [54 497 278 144 27] 495 [268 695 37]
202 807 [11 403 411 141 34] 496 [368 632 0]
203 811 [1 302 525 118 54] 496 [20 524 456]
204 816 [2 232 515 181 69 1 0] 497 [151 646 203]
205 819 [5 325 426 160 84] 498 [405 588 7]
206 823 [2 195 584 134 85] 498 [2 485 513]
207 828 [264 478 143 110 5] 499 [76 551 373]
208 831 [28 412 381 125 54] 500 [221 730 49]
209 835 [24 456 340 114 66] 501 [349 649 2]
210 839 [10 411 412 86 81] 501 [69 503 428]
211 843 [13 361 415 114 97] 502 [173 724 103]
212 847 [1 313 465 122 99] 503 [325 670 5]
213 851 [0 5 321 440 135 97 2] 503 [25 494 481]
214 855 [0 1 270 517 99 105 8] 504 [168 664 168]
215 860 [282 425 152 126 15] 505 [335 653 12]
216 863 [0 1 175 599 125 94 6] 505 [51 505 444]
217 868 [1 285 438 155 112 9 0] 506 [162 669 169]
218 872 [237 510 127 117 9] 507 [317 675 8]
219 876 [198 453 225 94 30] 507 [0 31 478 490 1]
220 880 [159 449 295 65 32] 508 [168 666 166]
221 884 [186 434 277 64 39] 509 [312 683 5]
222 888 [142 571 200 53 34] 509 [48 484 468]
223 892 [126 419 329 76 50] 510 [184 698 118]
224 896 [167 467 259 70 37] 510 [0 1 367 631 1]
225 900 [2 191 457 229 79 42 0] 511 [99 626 275]
226 904 [141 562 176 80 41] 512 [276 706 18]
227 908 [143 401 315 89 52] 513 [36 409 554 1 0]
228 912 [94 431 327 80 68] 513 [161 630 209]
229 916 [1 99 389 377 73 61 0] 514 [322 670 8]
230 920 [0 50 328 425 126 69 2] 514 [72 524 404]
231 924 [0 83 381 345 134 54 3] 515 [215 723 62]
232 928 [0 29 266 518 135 49 3] 515 [6 420 574]
233 932 [0 100 355 340 137 65 3] 516 [207 603 190]
234 936 [0 49 343 375 142 83 8] 517 [410 588 2]
235 940 [0 55 353 393 114 83 2] 517 [101 515 384]
236 944 [0 51 374 365 120 82 8] 518 [206 730 64]
237 948 [0 35 307 407 138 103 10] 518 [20 487 493]
238 952 [0 9 211 470 190 84 36] 519 [255 649 96]
239 957 [19 263 379 216 94 27 2] 520 [319 673 8]
240 960 [0 54 432 339 73 95 7] 520 [127 589 284]
241 964 [0 80 298 422 86 104 10] 521 [302 689 9]
242 968 [0 17 255 506 123 85 14] 521 [90 533 377]
243 972 [0 64 289 408 126 94 19] 522 [220 750 30]
244 976 [0 23 313 375 179 73 37] 522 [0 41 459 499 1]
245 980 [0 17 351 326 175 84 47] 523 [230 699 71]
246 985 [7 201 464 184 98 45 1] 523 [13 458 529]
247 988 [0 22 272 369 190 104 43] 524 [166 595 239]
248 993 [10 124 502 238 95 30 1] 525 [320 673 7]
249 997 [36 261 395 197 69 39 3] 525 [108 585 307]
250 1001 [4 133 454 256 110 41 2] 526 [291 700 9]
251 1005 [26 232 366 244 94 36 2] 526 [80 506 414]
252 1009 [12 273 342 218 105 44 6] 527 [256 736 8]
253 1013 [29 254 338 233 103 34 9] 527 [52 549 399]
254 1017 [4 114 405 312 129 29 7] 528 [266 710 24]
255 1020 [0 7 201 328 309 98 57] 528 [66 522 412]
FORWARD
0 0 [0 997 3] 0 [0 992 8]
1 3 [90 367 332 210 1] 3 [77 353 346 220 4]
2 6 [0 108 387 404 101] 7 [117 380 406 95 2]
3 11 [90 363 336 208 3] 11 [94 349 352 200 5]
4 14 [0 1 78 224 418 278 1] 15 [94 227 419 260 0]
5 19 [48 326 432 184 10] 19 [48 336 399 204 13]
6 23 [42 357 424 174 3] 23 [48 348 421 180 3]
7 27 [28 332 341 268 31] 27 [31 323 354 262 30]
8 31 [18 208 607 163 4] 31 [21 224 577 176 2]
9 35 [23 269 400 274 34] 35 [17 283 400 272 28]
10 39 [8 277 479 227 9] 39 [13 266 476 234 11]
11 43 [7 245 352 332 64] 43 [4 248 339 352 57]
12 47 [0 169 311 434 86] 47 [1 179 283 429 108]
13 51 [0 163 442 335 60] 51 [1 174 428 339 58]
14 56 [96 515 349 40 0] 55 [1 88 535 315 61]
15 59 [0 148 305 396 151] 59 [0 141 330 400 129]
16 63 [11 280 486 205 18] 63 [5 235 512 232 16]
17 67 [8 265 427 282 18] 67 [7 231 459 270 33]
18 71 [2 126 610 237 25] 71 [0 102 623 244 31]
19 75 [1 191 370 382 56] 75 [0 183 365 388 64]
20 79 [0 127 276 494 103] 79 [0 129 275 497 99]
21 84 [121 309 438 132 0] 84 [121 352 400 126 1]
22 88 [80 360 436 124 0] 87 [0 84 389 403 124]
23 92 [50 312 465 172 1] 92 [53 309 463 174 1]
24 95 [0 36 406 408 150] 95 [0 51 475 355 119]
25 100 [31 321 436 210 2] 100 [49 355 430 166 0]
26 104 [9 206 601 181 3] 104 [30 325 526 119 0]
27 108 [5 328 459 204 4] 108 [45 441 407 107 0]
28 112 [3 317 428 243 9] 112 [52 386 452 110 0]
29 116 [0 206 501 277 16] 115 [1 144 483 337 35]
30 120 [0 102 520 335 43] 118 [0 35 331 530 104]
31 124 [0 96 497 373 34] 122 [7 239 539 208 7]
32 128 [0 127 596 266 11] 124 [0 69 379 488 64]
33 133 [162 488 332 18 0] 127 [1 187 515 272 25]
34 137 [76 480 406 38 0] 129 [0 236 500 248 16]
35 140 [0 133 415 404 48] 131 [8 285 394 305 8]
36 145 [109 444 410 37 0] 133 [124 343 431 102 0]
37 149 [61 474 406 59 0] 134 [16 209 509 259 7]
38 152 [0 44 462 440 54] 135 [32 181 561 217 9]
39 157 [27 401 489 83 0] 136 [10 238 465 274 13]
40 160 [0 20 348 540 92] 137 [23 259 538 180 0]
41 165 [16 326 555 103 0] 138 [42 268 510 178 2]
42 169 [9 303 589 99 0] 139 [126 439 315 120 0]
43 173 [229 636 135] 139 [20 209 453 297 21]
44 177 [186 679 135] 140 [51 382 387 179 1]
45 181 [179 647 174] 140 [1 190 490 300 19]
46 185 [0 178 650 171 1] 141 [66 315 490 128 1]
47 189 [183 638 179] 141 [12 204 476 288 20]
48 193 [32 415 501 52 0] 142 [72 327 476 125 0]
49 197 [8 445 511 36 0] 142 [13 208 519 260 0]
50 201 [12 415 520 53 0] 142 [2 135 436 380 47]
51 204 [0 6 414 552 28] 143 [74 297 391 237 1]
52 209 [326 617 57] 143 [30 190 349 413 18]
53 213 [317 630 53] 143 [1 111 349 435 104]
54 217 [1 242 677 80 0] 143 [0 47 345 438 170]
55 221 [191 723 86] 144 [12 295 448 240 5]
56 225 [199 689 112] 144 [1 236 404 336 23]
57 229 [168 714 118] 144 [0 160 351 418 71]
58 233 [160 674 166] 145 [56 292 493 159 0]
59 237 [121 660 219] 145 [3 225 463 305 4]
60 241 [113 588 299] 146 [176 427 374 23 0]
61 245 [81 633 286] 145 [0 105 426 391 78]
62 249 [108 661 231] 146 [101 270 457 172 0]
63 253 [55 678 267] 146 [29 238 499 231 3]
64 256 [83 708 209] 146 [12 198 522 244 24]
65 260 [89 664 247] 146 [0 182 423 342 53]
66 264 [42 660 298] 146 [0 132 404 338 126]
67 268 [0 35 635 329 1] 147 [79 334 401 185 1]
68 273 [1 598 399 2 0] 147 [63 246 408 269 14]
69 276 [8 584 408] 147 [29 184 434 327 26]
70 280 [3 560 437] 147 [13 170 403 351 63]
71 285 [579 420 1] 148 [121 421 361 97 0]
72 289 [594 405 1] 147 [0 76 390 399 135]
73 293 [530 469 1] 148 [41 385 374 200 0]
74 297 [427 568 5] 148 [27 314 409 244 6]
75 301 [398 593 9] 148 [11 282 439 256 12]
76 305 [227 742 31] 148 [5 237 438 301 19]
77 309 [141 810 49] 149 [195 443 335 27 0]
78 313 [106 785 109] 148 [1 165 347 424 63]
79 317 [75 763 162] 149 [146 317 434 103 0]
80 321 [345 646 9] 149 [101 302 475 122 0]
81 325 [256 720 24] 149 [81 295 461 161 2]
82 329 [240 732 28] 149 [32 289 514 165 0]
83 333 [150 770 80] 149 [24 217 485 270 4]
84 337 [56 798 146] 149 [9 177 508 289 17]
85 341 [25 852 123] 149 [0 128 381 424 67]
86 345 [5 828 167] 150 [106 326 466 102 0]
87 349 [1 749 250] 150 [72 308 484 136 0]
88 353 [1 740 259] 150 [51 257 505 186 1]
89 358 [608 392 0] 150 [66 229 474 226 5]
90 362 [421 578 1] 150 [39 226 494 233 8]
91 366 [259 735 6] 150 [8 198 523 256 15]
92 370 [147 830 23] 150 [10 170 512 291 17]
93 374 [137 838 25] 150 [3 160 482 312 43]
94 378 [124 850 26] 150 [1 143 477 332 47]
95 382 [93 879 28] 151 [111 468 363 58 0]
96 386 [502 497 1] 150 [0 117 421 395 67]
97 390 [422 577 1] 151 [99 403 433 65 0]
98 394 [329 667 4] 151 [77 355 485 83 0]
99 398 [246 745 9] 151 [61 273 549 116 1]
100 402 [153 824 23] 151 [70 263 553 109 5]
101 406 [102 871 27] 151 [35 253 546 153 13]
102 410 [90 860 50] 151 [22 224 525 221 8]
103 414 [39 898 63] 151 [5 187 411 381 16]
104 418 [21 914 65] 151 [8 147 380 448 17]
105 422 [14 865 121] 151 [1 171 397 391 40]
106 426 [2 841 157] 152 [186 401 350 63 0]
107 430 [0 829 171] 151 [0 157 338 405 100]
108 435 [764 236 0] 151 [0 101 331 428 140]
109 438 [0 661 339] 152 [77 285 477 161 0]
110 443 [523 474 3] 151 [0 59 279 463 199]
111 447 [345 655 0] 152 [42 246 499 212 1]
112 451 [875 125 0] 152 [35 210 526 225 4]
113 454 [0 844 156] 152 [26 202 520 241 11]
114 459 [812 188 0] 152 [21 181 513 275 10]
115 462 [0 697 303] 152 [16 163 471 338 12]
116 467 [552 447 1] 152 [10 237 448 281 24]
117 471 [437 549 14] 152 [3 210 406 352 29]
118 475 [220 756 24] 152 [3 127 405 391 74]
119 479 [140 802 58] 152 [1 124 387 423 65]
120 483 [113 829 58] 153 [90 447 407 56 0]
121 487 [36 890 74] 153 [86 431 413 70 0]
122 491 [12 888 100] 152 [0 66 441 424 69]
123 495 [1 905 94] 153 [60 391 469 80 0]
124 499 [0 879 121] 153 [48 368 497 87 0]
125 504 [868 132 0] 153 [49 299 542 109 1]
126 507 [0 866 134] 152 [0 25 322 503 150]
127 511 [0 821 179] 153 [15 328 476 180 1]
128 508 [0 798 202] 153 [40 270 490 199 1]
129 512 [0 785 215] 153 [29 254 470 246 1]
130 517 [780 216 4] 153 [25 235 501 231 8]
131 521 [586 380 34] 153 [26 207 471 284 12]
132 525 [68 838 94] 153 [7 249 481 252 11]
133 529 [114 796 90] 153 [8 209 470 286 27]
134 533 [81 771 148] 153 [8 224 446 303 19]
135 537 [17 882 101] 153 [9 167 431 357 36]
136 541 [2 875 123] 153 [5 143 391 405 56]
137 545 [9 880 111] 153 [2 110 375 423 90]
138 549 [0 876 124] 153 [3 101 339 449 108]
139 553 [0 855 145] 153 [1 111 273 483 132]
140 558 [833 165 2] 153 [1 94 313 458 134]
141 562 [848 151 1] 154 [82 296 470 151 1]
142 566 [833 163 4] 154 [81 269 482 167 1]
143 570 [818 173 9] 154 [58 241 526 173 2]
144 573 [6 883 111] 154 [39 264 501 191 5]
145 577 [8 869 123] 154 [34 211 532 222 1]
146 581 [10 839 151] 154 [41 293 503 161 2]
147 585 [4 812 184] 154 [39 296 448 211 6]
148 590 [823 170 7] 154 [14 229 518 226 13]
149 594 [758 229 13] 154 [18 241 437 293 11]
150 598 [739 219 42] 154 [16 227 457 283 17]
151 602 [708 231 61] 154 [7 235 450 286 22]
152 606 [647 250 103] 154 [4 216 474 283 23]
153 610 [637 256 107] 154 [6 171 440 351 32]
154 614 [521 396 83] 154 [1 146 489 307 57]
155 618 [457 465 78] 155 [152 464 329 55 0]
156 622 [192 692 116] 154 [0 121 450 337 92]
157 626 [285 625 90] 155 [141 422 376 61 0]
158 630 [164 705 131] 154 [0 103 440 367 90]
159 634 [236 535 229] 155 [108 420 407 65 0]
160 638 [537 310 153] 154 [0 121 436 371 72]
161 642 [572 288 140] 155 [96 431 407 66 0]
162 646 [514 318 168] 155 [68 418 441 73 0]
163 650 [445 394 161] 155 [108 356 452 84 0]
164 654 [0 190 620 189 1] 155 [51 317 453 179 0]
165 658 [217 652 131] 155 [84 292 417 204 3]
166 662 [0 109 748 133 10] 155 [58 291 406 242 3]
167 666 [0 112 775 108 5] 155 [61 279 415 239 6]
168 670 [0 80 777 141 2] 155 [46 271 415 262 6]
169 674 [0 122 712 153 13] 155 [43 245 432 266 14]
170 678 [0 50 804 121 25] 155 [43 221 449 272 15]
171 682 [0 25 826 105 44] 155 [29 223 427 294 27]
172 686 [0 3 718 197 82] 155 [18 230 403 327 22]
173 690 [0 9 701 200 90] 155 [16 256 361 353 14]
174 695 [3 668 196 133 0] 155 [6 211 496 274 13]
175 699 [2 556 311 131 0] 155 [4 228 421 316 31]
176 703 [31 778 105 86 0] 155 [7 183 410 346 54]
177 706 [0 49 762 113 76] 155 [9 170 413 349 59]
178 710 [0 13 747 165 75] 155 [5 122 431 353 89]
179 715 [2 647 249 102 0] 155 [1 195 344 390 70]
180 719 [1 528 303 164 4] 155 [0 172 329 462 37]
181 723 [3 528 302 162 5] 155 [0 190 349 413 48]
182 728 [410 450 130 10 0] 156 [142 389 395 74 0]
183 731 [0 300 541 137 22] 155 [0 106 389 390 115]
184 735 [0 226 660 102 12] 156 [95 384 396 125 0]
185 739 [0 376 444 156 24] 156 [109 354 459 78 0]
186 743 [0 366 452 142 40] 156 [139 320 465 76 0]
187 748 [344 451 149 56 0] 155 [0 148 302 457 93]
188 751 [0 157 624 178 41] 155 [0 57 356 422 165]
189 756 [203 639 123 35 0] 156 [82 341 379 198 0]
190 759 [0 162 666 122 50] 156 [49 357 383 210 1]
191 764 [144 633 149 73 1] 156 [43 334 426 195 2]
192 767 [84 682 156 77 1] 156 [48 321 444 186 1]
193 771 [156 605 141 98 0] 156 [84 272 478 164 2]
194 775 [84 664 163 88 1] 156 [31 292 457 216 4]
195 778 [0 80 642 185 93] 156 [27 284 438 248 3]
196 783 [53 568 229 144 6] 156 [56 258 430 250 6]
197 787 [56 587 235 115 7] 156 [29 275 458 231 7]
198 791 [43 565 281 104 7] 156 [31 282 425 252 10]
199 795 [40 593 208 139 20] 156 [36 276 372 303 13]
200 799 [21 439 437 92 11] 156 [7 258 408 312 15]
201 803 [25 451 395 113 16] 156 [3 242 470 268 17]
202 807 [6 369 478 112 35] 156 [7 235 439 290 29]
203 811 [1 318 528 125 28] 156 [4 231 414 335 16]
204 815 [1 296 445 202 56] 156 [4 201 449 315 31]
205 819 [4 376 403 137 80] 156 [7 207 406 335 45]
206 823 [0 3 235 568 101 88 5] 156 [4 224 425 312 35]
207 827 [0 1 181 580 150 79 9] 156 [0 188 465 317 30]
208 831 [17 341 459 159 24] 157 [162 462 338 38 0]
209 835 [13 377 473 105 32] 156 [1 179 449 335 36]
210 839 [8 347 525 88 32] 156 [1 167 388 391 53]
211 843 [6 299 510 133 52] 157 [136 458 365 41 0]
212 847 [0 3 229 494 201 68 5] 156 [0 132 419 399 50]
213 851 [0 1 254 537 134 69 5] 156 [0 134 395 421 50]
214 855 [0 2 226 588 109 66 9] 157 [135 416 406 43 0]
215 859 [0 1 223 509 178 70 19] 157 [113 367 463 57 0]
216 864 [188 604 125 62 21] 156 [0 107 378 452 63]
217 867 [0 1 275 471 147 96 10] 156 [0 128 323 462 87]
218 872 [2 245 499 131 110 13 0] 156 [0 131 298 465 106]
219 876 [3 273 426 182 104 12 0] 156 [0 133 307 450 110]
220 879 [0 1 229 459 166 114 31] 157 [76 369 430 125 0]
221 884 [215 482 165 117 21] 157 [92 271 458 179 0]
222 888 [223 483 125 143 26] 156 [0 115 249 488 148]
223 892 [160 441 259 90 50] 157 [83 310 474 133 0]
224 895 [0 1 197 482 231 66 23] 157 [60 271 534 135 0]
225 899 [0 3 222 458 215 62 40] 157 [61 264 533 141 1]
226 904 [1 160 529 185 85 40 0] 157 [54 274 524 148 0]
227 908 [4 168 428 254 95 51 0] 157 [65 234 528 171 2]
228 912 [106 348 350 160 36] 157 [76 250 484 190 0]
229 916 [1 124 391 359 73 52 0] 157 [37 238 502 214 9]
230 920 [0 83 412 357 74 73 1] 157 [26 240 535 192 7]
231 924 [0 105 321 422 68 83 1] 157 [34 235 505 215 11]
232 928 [0 56 221 543 99 80 1] 157 [28 228 500 234 10]
233 932 [0 97 342 402 65 93 1] 157 [19 192 516 252 21]
234 936 [0 48 330 455 89 74 4] 157 [19 203 508 257 13]
235 940 [0 83 317 413 91 87 9] 157 [12 198 522 252 16]
236 944 [0 51 389 361 109 83 7] 157 [7 205 487 275 26]
237 948 [0 51 274 422 110 135 8] 157 [8 208 419 322 43]
238 952 [0 13 245 449 172 81 40] 157 [12 240 491 240 17]
239 956 [0 27 265 409 161 119 19] 157 [7 173 434 349 37]
240 960 [0 94 426 316 88 71 5] 157 [9 152 442 357 40]
241 964 [1 89 333 394 81 92 10] 157 [2 163 416 368 51]
242 968 [0 78 327 333 156 82 24] 157 [1 224 472 279 24]
243 973 [52 328 359 126 112 23 0] 157 [3 148 406 386 57]
244 977 [38 321 405 118 98 19 1] 157 [1 127 401 414 57]
245 981 [54 263 412 140 110 19 2] 157 [3 127 385 412 73]
246 984 [0 6 168 534 166 104 22] 158 [102 357 463 78 0]
247 988 [0 22 263 398 198 82 37] 157 [1 131 359 435 74]
248 993 [18 116 511 221 101 30 3] 158 [119 319 459 103 0]
249 997 [48 248 397 188 86 31 2] 157 [0 111 349 450 90]
250 1001 [7 178 498 179 113 23 2] 158 [90 327 466 117 0]
251 1005 [36 252 371 196 103 41 1] 158 [87 336 450 127 0]
252 1009 [22 297 350 187 100 40 4] 158 [87 306 504 102 1]
253 1013 [34 248 370 212 98 25 13] 158 [83 304 486 127 0]
254 1017 [3 147 418 280 109 38 5] 158 [75 301 473 150 1]
255 1020 [0 16 220 323 281 104 56] 158 [75 294 482 148 1]
# FINISHED
