# [1n5225b Zener Diode @ 3.0V]
FORWARD
0 0 [1000] 0 [1000]
1 2 [0 4 309 685 2] 2 [6 260 734]
2 6 [0 2 243 753 2] 6 [3 201 796]
3 11 [5 174 819 2 0] 11 [2 185 811 2 0]
4 15 [1 75 923 1 0] 14 [2 85 913]
5 19 [1 106 889 4 0] 19 [3 96 897 4 0]
6 23 [59 937 4] 23 [65 931 4]
7 27 [51 936 13] 27 [53 928 19]
8 31 [57 939 4] 31 [50 946 4]
9 35 [41 937 22] 35 [47 931 22]
10 39 [33 937 30] 39 [30 944 26]
11 43 [32 911 57] 43 [26 917 57]
12 47 [15 840 145] 47 [19 852 129]
13 51 [0 14 829 156 1] 51 [0 15 806 178 1]
14 55 [13 668 319] 55 [9 641 350]
15 59 [0 2 518 479 1] 59 [0 8 487 504 1]
16 63 [41 959 0] 63 [40 958 2]
17 67 [25 952 23] 67 [31 941 28]
18 71 [21 935 44] 71 [24 927 49]
19 75 [15 890 95] 75 [0 15 883 101 1]
20 79 [7 517 476] 79 [4 546 450]
21 83 [0 5 357 637 1] 84 [4 385 610 1 0]
22 87 [0 2 106 887 5] 88 [1 147 851 1 0]
23 91 [1 61 938] 92 [1 85 912 2 0]
24 96 [37 958 5] 96 [1 58 940 1 0]
25 100 [44 951 5] 100 [96 900 4]
26 104 [14 983 3] 104 [160 840 0]
27 108 [33 958 9] 108 [5 476 518 1 0]
28 112 [7 968 25] 111 [0 11 880 108 1]
29 116 [11 951 38] 115 [29 958 13]
30 120 [1 932 67] 118 [0 4 771 224 1]
31 124 [0 801 199] 121 [0 4 557 436 3]
32 128 [0 946 54] 124 [0 16 889 94 1]
33 132 [4 895 101] 126 [5 701 294]
34 136 [0 896 104] 129 [799 188 13]
35 140 [0 844 156] 130 [0 16 855 126 3]
36 145 [627 373 0] 132 [5 694 239 62 0]
37 149 [363 637 0] 133 [2 187 727 80 4]
38 153 [178 822 0] 134 [4 77 818 95 6]
39 157 [110 889 1] 135 [3 271 623 93 10]
40 161 [109 891 0] 136 [3 577 345 73 2]
41 165 [62 936 2] 137 [3 786 163 47 1]
42 169 [46 953 1] 138 [38 784 140 38 0]
43 173 [42 952 6] 138 [6 510 401 76 7]
44 177 [30 960 10] 138 [0 8 784 152 56]
45 181 [16 971 13] 139 [1 381 507 93 18]
46 185 [15 972 13] 140 [14 798 132 54 2]
47 189 [12 966 22] 140 [5 525 345 101 24]
48 193 [138 862 0] 140 [0 25 810 123 42]
49 197 [118 882 0] 141 [7 721 197 61 14]
50 201 [86 914 0] 141 [1 296 558 107 38]
51 204 [0 77 923] 141 [0 15 803 126 56]
52 209 [46 953 1] 142 [8 734 181 71 6]
53 213 [38 962 0] 142 [3 259 592 108 38]
54 217 [32 966 2] 142 [1 22 798 131 48]
55 221 [28 969 3] 143 [9 721 197 66 7]
56 225 [23 976 1] 143 [3 555 342 83 17]
57 229 [16 982 2] 143 [1 90 752 122 35]
58 233 [11 984 5] 144 [20 768 152 57 3]
59 237 [5 991 4] 144 [10 754 164 63 9]
60 241 [4 977 19] 144 [3 599 294 83 21]
61 245 [2 969 29] 144 [0 2 183 644 131 39 1]
62 249 [1 971 28] 144 [0 1 25 802 122 48 2]
63 253 [2 968 30] 145 [5 796 142 49 8]
64 256 [0 988 12] 145 [2 762 139 82 15]
65 260 [0 979 21] 145 [0 694 212 73 21]
66 264 [0 955 45] 145 [0 406 449 93 52]
67 268 [0 952 48] 146 [123 731 102 44 0]
68 272 [0 754 246] 145 [0 28 792 124 56]
69 277 [691 309 0] 146 [14 768 146 63 9]
70 281 [674 326 0] 146 [7 732 170 80 11]
71 284 [0 637 363] 146 [4 662 223 81 30]
72 288 [0 668 332] 146 [0 4 303 542 107 43 1]
73 292 [0 380 620] 146 [2 103 736 113 46]
74 297 [186 814 0] 146 [0 2 28 788 132 47 3]
75 301 [94 906 0] 146 [0 2 14 765 146 63 10]
76 305 [29 971 0] 147 [9 752 162 61 16]
77 309 [17 983 0] 147 [3 720 183 70 24]
78 313 [6 993 1] 147 [6 622 265 76 31]
79 317 [1 999 0] 147 [1 360 501 96 42]
80 321 [80 920 0] 147 [0 2 154 673 119 51 1]
81 325 [38 962 0] 147 [3 51 777 119 50]
82 329 [18 982 0] 148 [25 793 123 56 3]
83 333 [9 991 0] 148 [24 756 147 63 10]
84 337 [1 998 1] 148 [12 750 163 63 12]
85 341 [0 999 1] 148 [7 739 157 74 23]
86 345 [0 992 8] 148 [7 667 207 81 38]
87 349 [0 984 16] 148 [3 491 363 103 40]
88 353 [0 967 33] 148 [0 2 214 604 130 49 1]
89 357 [0 806 194] 148 [0 1 68 763 116 49 3]
90 361 [0 352 648] 149 [1 38 801 116 40 4 0]
91 366 [73 927 0] 149 [22 757 153 56 12]
92 370 [19 981 0] 148 [0 1 11 780 141 59 8]
93 374 [4 996 0] 149 [11 766 154 52 17]
94 378 [2 998 0] 149 [6 691 187 80 36]
95 382 [2 998 0] 149 [5 691 190 82 32]
96 385 [0 503 497] 149 [5 599 268 90 38]
97 389 [0 201 799] 149 [2 420 417 109 52]
98 394 [87 913 0] 149 [1 228 627 99 45]
99 398 [39 961 0] 149 [4 119 712 108 57]
100 402 [1 999 0] 150 [42 812 100 45 1]
101 406 [2 998 0] 150 [28 764 162 46 0]
102 410 [1000] 150 [20 771 137 66 6]
103 414 [1000] 150 [21 773 134 63 9]
104 418 [1000] 150 [12 695 194 72 27]
105 422 [1000] 150 [12 759 144 66 19]
106 426 [1000] 150 [6 711 177 85 21]
107 430 [0 998 2] 150 [5 658 209 88 40]
108 434 [0 980 20] 150 [3 567 304 98 28]
109 438 [0 833 167] 150 [3 395 462 106 34]
110 443 [342 658 0] 150 [0 5 235 581 123 55 1]
111 447 [45 955 0] 150 [0 4 96 745 110 43 2]
112 450 [0 999 1] 151 [2 58 778 114 46 2 0]
113 454 [0 999 1] 150 [0 3 33 753 152 55 4]
114 458 [0 982 18] 150 [0 1 21 791 133 46 8]
115 462 [0 814 186] 150 [0 1 9 795 137 47 11]
116 467 [162 838 0] 151 [1 11 759 149 64 16 0]
117 471 [55 945 0] 150 [0 1 8 751 164 57 19]
118 475 [13 987 0] 151 [6 735 173 61 25]
119 479 [2 998 0] 151 [7 739 166 65 23]
120 483 [1 999 0] 151 [5 702 181 79 33]
121 487 [1000] 151 [0 4 644 223 94 34 1]
122 491 [1000] 151 [3 484 389 87 37]
123 495 [1000] 151 [3 435 417 94 51]
124 499 [1000] 151 [3 333 509 106 49]
125 503 [1000] 152 [4 243 583 118 49 3 0]
126 507 [1000] 151 [1 128 710 110 51]
127 511 [0 979 21] 151 [0 2 94 711 124 66 3]
128 508 [0 999 1] 152 [2 113 733 104 46 2 0]
129 512 [0 981 19] 152 [75 744 128 50 3]
130 516 [0 654 346] 151 [0 1 48 751 131 61 8]
131 520 [0 141 859] 151 [0 1 21 787 127 56 8]
132 525 [1 999 0] 152 [21 757 150 57 15]
133 529 [1000] 152 [17 772 142 58 11]
134 533 [1000] 152 [15 767 151 51 16]
135 537 [1000] 152 [9 755 142 70 24]
136 541 [1000] 152 [12 741 161 66 20]
137 545 [1000] 152 [10 734 165 66 25]
138 549 [1000] 152 [6 631 248 80 35]
139 553 [1000] 152 [6 721 161 88 24]
140 557 [0 990 10] 152 [6 631 248 82 33]
141 561 [0 995 5] 152 [3 563 267 117 50]
142 565 [0 969 31] 152 [0 2 479 379 99 38 3]
143 569 [0 870 130] 152 [2 370 481 106 41]
144 573 [1000] 152 [0 3 266 560 120 47 4]
145 577 [1000] 152 [0 2 166 675 112 44 1]
146 581 [1 999 0] 152 [0 3 120 689 129 54 5]
147 585 [1 999 0] 152 [0 1 75 764 108 49 3]
148 589 [0 989 11] 153 [47 781 119 46 7]
149 593 [0 993 7] 153 [2 29 759 136 63 11 0]
150 597 [0 849 151] 153 [21 788 131 51 9]
151 602 [480 520 0] 153 [1 11 786 144 52 6 0]
152 606 [152 848 0] 153 [11 753 155 68 13]
153 610 [247 753 0] 153 [9 771 145 57 18]
154 614 [93 907 0] 153 [8 773 140 61 18]
155 618 [48 952 0] 153 [5 743 154 76 22]
156 622 [6 994 0] 153 [5 755 155 63 22]
157 626 [9 991 0] 153 [3 724 184 57 32]
158 630 [1 999 0] 153 [4 718 158 85 35]
159 634 [1000] 153 [2 688 190 86 34]
160 638 [39 961 0] 153 [5 569 284 91 51]
161 642 [61 939 0] 153 [3 627 247 86 37]
162 645 [0 18 982] 153 [1 554 320 91 34]
163 650 [6 994 0] 153 [5 483 333 125 54]
164 654 [1000] 154 [377 472 107 43 1]
165 658 [1000] 153 [0 1 268 599 86 45 1]
166 662 [1 999 0] 154 [204 621 122 52 1]
167 666 [1 999 0] 153 [0 1 121 703 124 50 1]
168 670 [1000] 154 [106 740 97 55 2]
169 674 [0 995 5] 154 [1 81 718 142 53 5 0]
170 678 [0 991 9] 154 [59 767 114 56 4]
171 682 [0 978 22] 153 [0 1 34 784 127 50 4]
172 686 [0 786 214] 154 [37 763 129 61 10]
173 690 [0 830 170] 154 [24 781 127 57 11]
174 695 [416 584 0] 154 [25 673 218 65 19]
175 699 [219 781 0] 154 [13 710 227 41 9]
176 702 [0 954 46] 154 [23 673 221 65 18]
177 706 [0 966 34] 154 [17 769 147 50 17]
178 710 [1 831 168] 154 [6 730 186 58 20]
179 714 [0 585 415] 154 [13 715 173 72 27]
180 718 [0 64 936] 154 [5 695 217 62 21]
181 723 [88 912 0] 154 [5 678 225 64 28]
182 727 [30 970 0] 154 [7 696 209 67 21]
183 731 [19 981 0] 154 [4 686 182 87 41]
184 735 [7 993 0] 154 [6 640 223 90 41]
185 739 [10 989 1] 154 [0 534 347 79 40]
186 743 [4 995 1] 154 [0 4 570 304 76 45 1]
187 747 [4 992 4] 154 [2 519 364 75 40]
188 751 [1 996 3] 154 [0 1 485 376 103 33 2]
189 755 [2 990 8] 154 [1 437 440 90 32]
190 759 [0 982 18] 154 [0 1 379 474 100 45 1]
191 763 [1 984 15] 154 [0 4 344 497 116 36 3]
192 766 [0 951 49] 154 [0 1 209 630 103 56 1]
193 770 [1 976 23] 155 [267 569 122 36 6]
194 774 [1 944 55] 154 [0 4 209 600 132 51 4]
195 778 [0 929 71] 155 [129 707 119 41 4]
196 783 [572 428 0] 154 [0 2 116 695 135 48 4]
197 787 [694 306 0] 154 [0 1 78 733 129 50 9]
198 791 [507 493 0] 155 [36 805 102 47 10]
199 795 [418 582 0] 155 [1 41 749 136 59 14 0]
200 799 [246 754 0] 154 [0 1 22 784 127 56 10]
201 803 [317 683 0] 155 [16 757 166 46 15]
202 807 [137 863 0] 155 [21 782 143 46 8]
203 811 [52 946 2] 155 [1 11 754 170 48 16 0]
204 815 [6 992 2] 155 [29 747 157 48 19]
205 819 [8 984 8] 155 [11 760 166 43 20]
206 823 [6 979 15] 154 [0 1 8 706 203 54 28]
207 827 [2 969 29] 155 [7 757 176 43 17]
208 831 [125 875 0] 154 [0 1 8 717 178 69 27]
209 835 [140 860 0] 155 [10 756 146 64 24]
210 839 [74 924 2] 155 [7 733 173 57 30]
211 843 [42 952 6] 155 [9 741 128 87 35]
212 847 [7 985 8] 155 [0 4 732 162 66 35 1]
213 851 [14 972 14] 155 [7 702 158 93 40]
214 855 [8 971 21] 155 [8 673 207 74 38]
215 859 [4 965 31] 155 [5 702 163 95 35]
216 863 [4 974 22] 155 [5 672 164 108 51]
217 867 [5 969 26] 155 [3 615 252 93 37]
218 871 [7 960 33] 155 [1 578 290 92 39]
219 875 [3 953 44] 155 [5 547 287 110 51]
220 879 [1 894 105] 155 [3 484 375 93 45]
221 883 [4 922 74] 155 [1 433 425 89 52]
222 887 [0 2 804 193 1] 155 [0 3 409 420 117 49 2]
223 891 [3 739 258] 155 [0 2 320 527 98 52 1]
224 895 [2 977 21] 155 [0 1 282 564 99 49 5]
225 899 [5 931 64] 155 [0 2 253 570 111 60 4]
226 903 [1 822 177] 156 [183 645 112 58 2]
227 908 [735 264 1] 156 [185 620 122 67 6]
228 912 [298 698 4] 155 [0 3 138 692 102 62 3]
229 916 [1 338 655 6 0] 155 [0 1 112 732 92 58 5]
230 920 [151 837 12] 155 [0 2 84 719 124 65 6]
231 924 [2 93 892 13 0] 155 [0 3 80 754 106 52 5]
232 928 [67 920 13] 156 [59 767 110 57 7]
233 932 [101 883 16] 155 [0 3 43 763 113 70 8]
234 936 [40 942 18] 156 [37 775 123 53 12]
235 940 [52 921 27] 156 [30 775 130 52 13]
236 944 [10 954 36] 156 [40 735 129 80 16]
237 948 [15 951 34] 156 [29 780 121 57 13]
238 952 [3 932 65] 155 [0 1 24 784 130 49 12]
239 956 [4 899 97] 156 [16 776 124 66 18]
240 960 [1 24 951 24 0] 156 [18 767 149 52 14]
241 964 [60 911 29] 155 [0 1 13 772 150 46 18]
242 968 [1 23 939 37 0] 156 [21 757 135 66 21]
243 972 [0 18 943 38 1] 156 [12 774 125 64 25]
244 976 [3 922 75] 155 [0 1 10 729 154 77 29]
245 980 [0 8 923 68 1] 156 [11 754 157 54 24]
246 984 [0 7 900 90 3] 156 [10 751 147 70 22]
247 988 [4 873 123] 156 [11 749 141 67 32]
248 992 [1 877 122] 156 [9 746 150 62 33]
249 996 [0 4 902 93 1] 156 [5 690 205 74 26]
250 1000 [6 879 115] 156 [11 722 145 79 43]
251 1004 [0 4 871 122 3] 156 [8 744 147 64 37]
252 1009 [1 800 196 3 0] 156 [9 722 165 73 31]
253 1012 [0 3 756 236 5] 156 [4 695 173 88 40]
254 1016 [0 1 670 326 3] 156 [5 728 148 84 35]
255 1021 [553 442 5] 156 [4 685 184 90 37]
REVERSE
0 0 [1000] 0 [1000]
1 3 [5 316 677 2 0] 3 [6 288 703 3 0]
2 6 [5 215 780] 6 [0 6 187 806 1]
3 11 [3 196 799 2 0] 11 [1 175 821 3 0]
4 15 [97 901 2] 14 [2 85 913]
5 19 [2 106 890 2 0] 19 [2 81 913 4 0]
6 23 [1 79 916 4 0] 23 [76 917 7]
7 27 [48 932 20] 27 [49 933 18]
8 31 [42 955 3] 31 [35 960 5]
9 35 [40 940 20] 35 [35 943 22]
10 39 [31 946 23] 39 [31 946 23]
11 43 [28 917 55] 43 [23 916 61]
12 47 [0 13 859 127 1] 47 [19 858 123]
13 51 [11 816 173] 51 [13 801 186]
14 56 [12 667 320 1 0] 55 [15 647 338]
15 59 [0 10 513 474 3] 60 [6 490 503 1 0]
16 63 [31 967 2] 63 [38 959 3]
17 67 [26 944 30] 67 [26 948 26]
18 71 [24 922 54] 71 [24 922 54]
19 75 [14 873 113] 75 [17 889 94]
20 79 [0 4 499 496 1] 79 [7 505 488]
21 84 [7 346 646 1 0] 84 [2 334 661 3 0]
22 88 [4 144 850 2 0] 88 [142 854 4]
23 92 [2 72 920 6 0] 92 [78 913 9]
24 96 [31 965 4] 96 [33 963 4]
25 99 [0 1 49 943 7] 100 [56 936 8]
26 104 [34 958 8] 104 [34 957 9]
27 108 [35 956 9] 108 [39 949 12]
28 112 [14 967 19] 112 [10 968 22]
29 116 [14 938 48] 116 [16 934 50]
30 120 [5 922 73] 120 [5 936 59]
31 124 [2 790 208] 124 [4 835 161]
32 128 [0 941 59] 128 [0 946 54]
33 132 [4 899 97] 132 [4 920 76]
34 136 [0 843 157] 136 [1 886 113]
35 140 [1 803 196] 140 [3 877 120]
36 145 [578 421 1] 144 [0 732 268]
37 149 [333 666 1] 148 [1 544 455]
38 153 [178 821 1] 153 [412 588 0]
39 157 [107 893 0] 156 [0 260 740]
40 161 [110 890 0] 161 [317 682 1]
41 165 [61 938 1] 165 [150 850 0]
42 169 [45 953 2] 169 [102 898 0]
43 173 [34 959 7] 173 [70 929 1]
44 177 [16 978 6] 177 [60 940 0]
45 181 [20 958 22] 181 [59 939 2]
46 185 [14 970 16] 185 [57 940 3]
47 189 [7 969 24] 189 [54 945 1]
48 193 [120 880 0] 192 [0 935 65]
49 197 [88 912 0] 196 [4 951 45]
50 201 [79 920 1] 200 [1 976 23]
51 205 [85 914 1] 204 [5 974 21]
52 209 [41 958 1] 208 [2 983 15]
53 213 [30 968 2] 212 [8 982 10]
54 217 [31 968 1] 216 [12 980 8]
55 221 [22 977 1] 220 [18 979 3]
56 225 [19 978 3] 224 [12 988 0]
57 229 [17 975 8] 228 [106 894 0]
58 233 [9 985 6] 231 [0 413 587]
59 237 [6 985 9] 236 [826 174 0]
60 241 [2 970 28] 239 [1 931 68]
61 245 [2 960 38] 243 [10 982 8]
62 249 [0 954 46] 247 [30 968 2]
63 253 [0 968 32] 251 [174 826 0]
64 256 [0 985 15] 253 [1 896 103]
65 260 [0 970 30] 257 [15 974 11]
66 264 [0 962 38] 261 [56 944 0]
67 268 [0 942 58] 264 [0 800 200]
68 272 [0 691 309] 268 [1 932 67]
69 276 [0 633 367] 272 [8 990 2]
70 281 [621 379 0] 275 [1 868 131]
71 284 [0 580 420] 279 [18 979 3]
72 288 [0 622 378] 282 [0 819 181]
73 293 [351 649 0] 286 [18 972 10]
74 297 [157 843 0] 289 [3 902 95]
75 301 [75 925 0] 293 [136 859 5]
76 305 [25 975 0] 296 [3 888 109]
77 309 [9 991 0] 300 [678 321 1]
78 313 [4 996 0] 303 [32 948 20]
79 317 [0 997 3] 306 [6 909 85]
80 321 [63 937 0] 309 [12 916 72]
81 325 [30 970 0] 312 [0 853 147]
82 329 [17 983 0] 315 [0 2 782 212 4]
83 333 [7 993 0] 319 [725 266 9]
84 337 [0 996 4] 322 [649 318 33]
85 341 [0 998 2] 325 [557 404 39]
86 345 [0 991 9] 328 [644 311 45]
87 350 [971 29 0] 331 [710 245 45]
88 353 [0 960 40] 333 [0 2 788 179 31]
89 357 [0 749 251] 337 [824 158 18]
90 362 [257 743 0] 339 [0 8 841 145 6]
91 366 [50 950 0] 342 [94 807 99]
92 370 [11 989 0] 345 [0 703 227 69 1]
93 374 [5 995 0] 347 [0 3 782 170 45]
94 378 [5 995 0] 350 [0 80 787 121 12]
95 382 [1 999 0] 353 [776 160 64]
96 385 [0 331 669] 355 [0 391 475 113 21]
97 390 [115 885 0] 357 [0 2 800 140 58]
98 394 [49 951 0] 361 [402 481 93 24 0]
99 398 [23 977 0] 363 [10 787 138 65 0]
100 402 [3 997 0] 365 [0 674 217 82 27]
101 406 [1000] 367 [0 58 754 139 49]
102 410 [1000] 369 [0 8 782 162 48]
103 414 [1000] 372 [2 726 193 63 16]
104 418 [1000] 375 [663 189 107 41 0]
105 422 [1000] 376 [0 248 596 108 48]
106 426 [1000] 378 [0 77 748 123 52]
107 430 [0 998 2] 381 [43 754 138 58 7]
108 434 [0 950 50] 383 [18 782 143 48 9]
109 438 [0 709 291] 385 [18 763 137 62 20]
110 443 [202 798 0] 387 [32 782 116 47 23]
111 447 [24 976 0] 389 [23 779 120 55 23]
112 450 [0 999 1] 391 [332 476 112 59 21]
113 454 [0 997 3] 393 [574 263 102 50 11]
114 458 [0 944 56] 395 [689 149 95 62 5]
115 463 [597 403 0] 396 [0 6 714 110 96 62 12]
116 467 [57 943 0] 398 [4 767 102 77 50]
117 471 [18 982 0] 400 [21 780 102 53 44]
118 475 [11 989 0] 402 [334 465 119 43 39]
119 479 [3 997 0] 404 [632 214 105 38 11]
120 483 [2 997 1] 405 [0 10 726 109 95 48 12]
121 487 [1000] 407 [79 714 104 50 53]
122 491 [1000] 408 [0 1 622 211 102 41 23]
123 495 [1000] 410 [0 17 701 120 95 47 20]
124 499 [1000] 412 [0 105 708 82 58 46 1]
125 503 [0 999 1] 413 [0 1 634 196 104 31 34]
126 507 [0 998 2] 415 [0 53 717 90 80 46 14]
127 511 [0 974 26] 417 [2 565 261 102 27 43 0]
128 508 [0 994 6] 416 [4 705 126 106 32 27 0]
129 512 [0 914 86] 418 [74 687 87 87 54 11 0]
130 517 [438 562 0] 419 [5 720 109 84 39 42 1]
131 521 [57 943 0] 420 [1 73 714 85 66 40 21]
132 525 [1000] 421 [0 2 677 133 108 34 46]
133 529 [1 999 0] 423 [0 65 716 86 71 43 19]
134 533 [1 999 0] 425 [7 645 164 86 46 43 9]
135 537 [1000] 426 [0 162 613 68 78 52 27]
136 541 [1000] 428 [19 725 103 85 34 34 0]
137 545 [1000] 429 [2 521 265 93 60 46 13]
138 549 [1000] 430 [0 73 708 65 86 44 24]
139 553 [1000] 432 [10 739 95 77 35 43 1]
140 557 [0 971 29] 434 [424 353 95 71 34 23 0]
141 561 [0 993 7] 434 [0 100 689 61 94 19 37]
142 565 [0 904 96] 436 [15 704 111 87 33 36 14]
143 569 [0 708 292] 437 [5 615 184 65 70 41 20]
144 573 [1000] 438 [0 4 362 433 67 74 30 28 2]
145 577 [1000] 440 [71 692 87 89 21 35 5]
146 581 [1000] 441 [23 707 88 98 28 44 12]
147 585 [1000] 443 [11 695 110 74 56 32 21 1 0]
148 589 [0 974 26] 443 [0 2 463 319 77 85 29 24 1]
149 594 [972 28 0] 445 [135 614 69 96 24 52 10]
150 597 [0 679 321] 446 [40 728 78 85 21 39 9]
151 602 [285 715 0] 447 [17 711 89 83 50 35 15]
152 606 [68 932 0] 448 [14 677 116 82 49 34 28]
153 610 [119 881 0] 449 [5 562 248 60 70 26 29]
154 614 [45 955 0] 450 [0 3 500 275 63 93 24 40 2]
155 618 [27 973 0] 451 [0 2 322 449 92 77 15 40 3]
156 621 [0 3 997] 453 [140 642 70 86 13 32 17]
157 626 [5 995 0] 454 [121 622 79 103 19 36 20]
158 630 [1 999 0] 455 [61 682 90 84 32 34 17]
159 634 [1000] 456 [21 715 97 78 38 30 21]
160 638 [9 991 0] 457 [51 693 72 94 31 33 26]
161 642 [25 975 0] 458 [0 26 734 81 76 38 25 19 1]
162 646 [8 992 0] 459 [22 713 100 75 47 24 19]
163 650 [5 995 0] 460 [0 24 687 89 76 62 27 34 1]
164 654 [0 998 2] 461 [19 714 94 66 53 19 35]
165 658 [1 999 0] 462 [22 695 95 72 58 31 27]
166 662 [0 999 1] 463 [21 678 106 59 69 26 41]
167 666 [0 998 2] 464 [0 21 706 85 73 63 21 29 2]
168 670 [1 996 3] 465 [0 22 682 98 61 71 30 35 1]
169 674 [0 995 5] 466 [0 40 725 71 55 57 19 32 1]
170 678 [0 978 22] 467 [41 692 93 66 55 26 27]
171 682 [0 963 37] 468 [0 76 654 88 78 45 26 27 6]
172 686 [0 544 456] 469 [3 83 678 66 65 43 33 28 1]
173 690 [0 613 387] 470 [94 670 67 80 36 31 22]
174 695 [236 764 0] 471 [1 194 558 63 91 32 31 29 1]
175 699 [90 910 0] 471 [0 7 227 549 56 81 32 27 21]
176 702 [0 952 48] 472 [0 6 511 277 55 75 28 32 16]
177 706 [0 930 70] 473 [0 16 633 137 54 87 15 36 22]
178 711 [706 294 0] 475 [17 713 86 57 75 9 32 11 0]
179 715 [365 635 0] 475 [0 26 633 132 64 81 14 40 10]
180 719 [30 970 0] 476 [1 62 659 85 71 62 15 37 8]
181 723 [39 961 0] 476 [0 1 76 690 62 76 39 19 37]
182 727 [17 983 0] 477 [0 1 236 503 67 105 31 30 27]
183 731 [8 992 0] 478 [0 10 480 312 49 82 16 32 19]
184 735 [2 998 0] 479 [0 15 602 186 57 78 10 29 23]
185 739 [8 990 2] 480 [0 17 679 105 48 85 10 35 21]
186 743 [3 995 2] 482 [57 696 69 59 68 7 33 11 0]
187 747 [2 995 3] 482 [1 95 682 59 65 47 16 30 5]
188 751 [0 989 11] 483 [1 315 429 60 94 34 28 32 7]
189 755 [0 983 17] 483 [0 7 555 234 47 82 21 32 22]
190 759 [0 981 19] 484 [0 18 705 87 52 74 12 36 16]
191 763 [0 970 30] 485 [0 62 661 80 55 77 9 33 23]
192 766 [0 933 67] 486 [10 336 434 59 59 46 22 31 3]
193 770 [0 967 33] 487 [7 555 231 50 85 17 29 25 1]
194 775 [922 78 0] 488 [26 675 91 47 73 20 35 31 2]
195 778 [0 884 116] 489 [56 695 84 56 55 8 29 17 0]
196 783 [412 588 0] 489 [2 182 579 55 69 57 13 27 16]
197 787 [525 475 0] 490 [8 524 234 58 93 22 25 33 3]
198 791 [365 635 0] 490 [0 21 690 93 51 79 17 29 20]
199 795 [295 705 0] 491 [0 69 629 84 71 84 11 33 19]
200 799 [198 802 0] 492 [7 192 548 93 52 54 13 30 11]
201 802 [0 205 795] 493 [17 537 243 41 65 32 23 38 4]
202 807 [67 933 0] 494 [29 663 89 39 85 21 43 29 2]
203 811 [37 959 4] 495 [97 659 54 61 75 7 29 18 0]
204 815 [7 987 6] 495 [8 307 474 49 57 41 22 32 10]
205 819 [6 982 12] 496 [18 666 102 39 87 17 39 26 6]
206 823 [2 980 18] 496 [0 58 685 87 47 53 20 33 17]
207 827 [3 963 34] 497 [6 115 652 61 56 52 10 36 12]
208 830 [1 84 915] 498 [16 617 143 48 84 29 26 30 7]
209 835 [69 931 0] 498 [4 71 764 62 29 30 14 17 9]
210 838 [0 15 985] 499 [0 505 418 39 14 15 2 4 3]
211 843 [22 969 9] 500 [14 616 146 50 78 34 19 36 7]
212 847 [2 984 14] 501 [55 672 78 50 83 11 27 22 2]
213 851 [12 958 30] 501 [4 189 579 52 52 66 11 33 14]
214 855 [5 965 30] 502 [14 604 162 48 85 27 14 34 12]
215 859 [5 948 47] 503 [51 690 74 50 66 21 25 22 1]
216 863 [0 958 42] 503 [2 233 521 64 59 67 9 28 17]
217 867 [6 942 52] 504 [22 620 127 44 63 50 22 42 10]
218 871 [3 947 50] 505 [50 703 71 46 72 9 27 22 0]
219 875 [3 924 73] 505 [4 214 526 86 54 62 7 28 19]
220 879 [1 809 190] 506 [31 646 108 42 77 33 19 37 7]
221 883 [0 1 876 122 1] 506 [0 2 105 627 77 60 74 9 24 20 2]
222 888 [3 688 308 1 0] 507 [11 483 268 50 72 57 3 37 19]
223 892 [627 372 1] 508 [42 675 99 33 75 25 17 30 4]
224 895 [1 950 49] 508 [0 7 196 565 62 52 64 6 29 18 1]
225 899 [3 907 90] 509 [19 600 156 44 80 37 17 34 13]
226 903 [0 3 693 303 1] 509 [0 1 67 684 49 53 76 19 21 27 3]
227 908 [537 459 4] 510 [0 8 401 360 62 48 64 9 30 17 1]
228 912 [207 786 7] 511 [26 677 75 44 69 28 29 35 17]
229 916 [194 801 5] 512 [3 155 621 59 40 57 14 29 20 2 0]
230 920 [86 906 8] 512 [24 582 189 55 52 38 18 29 13]
231 924 [77 902 21] 512 [0 1 70 610 104 44 76 25 32 27 11]
232 928 [41 945 14] 513 [0 9 374 410 53 60 36 18 18 16 6]
233 932 [70 909 21] 514 [38 664 79 51 86 29 13 30 10]
234 936 [36 934 30] 514 [0 3 240 475 89 46 74 18 26 24 5]
235 940 [21 952 27] 515 [23 608 160 39 72 44 10 29 15]
236 944 [6 947 47] 516 [0 94 532 147 61 90 14 20 27 14 1]
237 948 [6 949 45] 516 [13 496 280 53 53 50 7 30 18]
238 952 [4 908 88] 516 [0 1 57 641 102 41 78 23 20 25 12]
239 956 [0 5 831 163 1] 517 [0 9 316 433 59 47 65 9 34 24 4]
240 960 [12 966 22] 518 [46 680 80 43 68 35 9 30 9]
241 964 [38 937 25] 519 [8 206 556 58 52 60 17 19 23 1 0]
242 968 [20 934 46] 519 [33 600 122 53 79 49 11 37 16]
243 972 [10 942 48] 519 [0 7 104 644 72 35 65 20 25 25 3]
244 976 [0 1 919 78 2] 520 [16 537 230 50 51 59 9 22 26]
245 980 [3 911 86] 521 [83 646 66 38 92 14 20 27 14]
246 984 [0 868 132] 521 [0 13 493 266 62 48 56 14 30 16 2]
247 988 [0 2 807 189 2] 522 [60 675 75 38 76 21 10 27 18]
248 993 [827 171 2] 522 [0 11 483 266 55 53 68 5 31 27 1]
249 997 [5 855 138 2 0] 523 [1 41 694 72 43 57 37 12 30 13 0]
250 1001 [2 801 195 2 0] 524 [9 326 393 69 56 76 12 26 30 3 0]
251 1004 [0 2 778 219 1] 524 [0 46 553 172 70 75 27 14 26 13 4]
252 1009 [671 323 6] 525 [6 337 425 67 49 63 9 22 21 1 0]
253 1012 [0 1 640 351 8] 525 [0 36 634 94 44 79 49 8 35 20 1]
254 1017 [533 462 5] 526 [6 241 507 67 52 64 14 16 27 6 0]
255 1021 [2 437 554 7 0] 526 [36 619 128 54 64 45 12 24 18]
